	2.5,1.2\reference JCP 99,308(1993)
1.5000000000
1.8333333333
2.1666666667
2.5000000000
2.8333333333
3.1666666667
3.5000000000
3.8333333333
4.1666666667
4.5000000000
5.0000000000
5.5000000000
0.0000000000
0.1745329252
0.3490658504
0.5235987757
0.6283185308
0.7504915785
0.8726646261
1.0471975513
1.2566370616
1.3412070708
1.5707963270
1.7453292522
1.8849555924
2.0943951027
2.2689280279
2.5132741232
2.7925268036
2.9670597284
3.1415926540
  0.9000000002729497    
   3.299371913301419    
   1.371181247922337    
   91.54532316044927    
  0.9000000001226471    
   2.426418792247246    
   1.606882929812499    
   92.26679278435677    
  0.8999999999971986    
   1.704709751564570    
   1.821207519251476    
   92.79278718342378    
  0.8999999999999453    
   1.305670521782698    
   1.976942274657337    
   93.12246378380247    
  0.8999999998252215    
   1.083015393830737    
   2.102184904159955    
   93.25469173783648    
  .89638    
  .87502    
   2.19166    
   93.286266    
  0.4878681837953981    
   1.063016225262765    
   2.234483920091064    
   93.27340995365977    
  0.3614835566088093    
   1.165145496545836    
   2.253479692960620    
   93.24250953917954    
  0.3205854180442175    
   1.210241426991367    
   2.258458778120076    
   93.20726925648371    
  0.3109178373228927    
   1.225554296481844    
   2.256618240956743    
   93.17410014377288    
  0.3172200000000000    
   1.225500000000000    
   2.249400000000000    
   93.13400300000000    
  0.3314270000000000    
   1.225800000000000    
   2.241800000000000    
   93.10780300000000    
  0.8999999982547311    
   3.288636973719743    
   1.526104975700509    
   91.66199702927619    
  0.8999999994137162    
   2.417939978318532    
   1.687679069336481    
   92.33820796005193    
  0.8999999999844523    
   1.821463883947747    
   1.849310067619726    
   92.83060294818284    
  0.8999999999851203    
   1.341128059834198    
   1.995887980764122    
   93.13838681321987    
  0.8999999998763777    
   1.025454142936298    
   2.114244549005742    
   93.25641498191263    
  0.7359800276438998    
  0.9472406887261869    
   2.195214743085681    
   93.28396624213812    
  0.4551682164118306    
   1.090246140979076    
   2.236495099869458    
   93.26946655304866    
  0.3517832707560431    
   1.177202049978114    
   2.253626898005297    
   93.23826284947120    
  0.3176602820626140    
   1.215427350500589    
   2.257788926960310    
   93.20336389133398    
  0.3100914358112499    
   1.228133700922413    
   2.255690688142779    
   93.17078339793262    
  0.3171000000000000    
   1.226930000000000    
   2.248470000000000    
   93.13184400000000    
  0.3300000000000000    
   1.226000000000000    
   2.240920000000000    
   93.10579700000000    
  0.8999999993882942    
   2.162448120986076    
   1.548433052932166    
   91.91795478962111    
  0.8999999998169750    
   1.779599484164316    
   1.740257137158189    
   92.49838116461318    
  0.8999999999224244    
   1.502895733879627    
   1.912694831196391    
   92.91764266214530    
  0.8999999999364466    
   1.164236626644268    
   2.040943950770327    
   93.16999916720093    
  0.8999999996272398    
  0.9317214037387219    
   2.149807233221193    
   93.26119405633402    
  0.5365475666577390    
   1.060437525729052    
   2.209837728091966    
   93.27663748577461    
  0.3826463505631396    
   1.162604850224391    
   2.240639616919157    
   93.25764567010540    
  0.3250537260783579    
   1.215324569282874    
   2.253099422566977    
   93.22594988760814    
  0.3057088342351015    
   1.238053417699323    
   2.255336825722209    
   93.19219624044540    
  0.3025791898388999    
   1.245335600428368    
   2.252653030488287    
   93.16137539616702    
  0.3121710000000000    
   1.239300000000000    
   2.245630000000000    
   93.12471800000000    
  0.3233810000000000    
   1.230000000000000    
   2.238490000000000    
   93.10246300000000    
  0.8999999999876707    
   1.836260954228140    
   1.729602869431007    
   91.94053757003876    
  0.8999999999876707    
   1.402828670030962    
   1.884032643177744    
   92.60616897337462    
  0.8999999995416030    
   1.146357324957796    
   2.017402473403503    
   93.02771720894710    
  0.7566840719034873    
   1.046370075292637    
   2.118625843782166    
   93.20432572365296    
  0.5167879617007628    
   1.116807171365314    
   2.185440558941297    
   93.26145468038713    
  0.3898698104868243    
   1.180974883919019    
   2.225010380335238    
   93.26209594487889    
  0.3285200058944960    
   1.227275931249832    
   2.244448292719517    
   93.23859846895252    
  0.3025045697429470    
   1.252249564764725    
   2.251430015916484    
   93.20708701494665    
  0.2935448184473203    
   1.264071449900386    
   2.251565315160858    
   93.17546929744223    
  0.2923513473598234    
   1.269859887159567    
   2.248244328295036    
   93.14750623972901    
  0.3021160000000000    
   1.262480000000000    
   2.241440000000000    
   93.11557800000000    
  0.3210000000000000    
   1.260670000000000    
   2.234830000000000    
   93.09834300000000    
  9.4492097304199163E-02
   2.258391612211980    
   1.892665534608576    
   92.25450764705843    
  0.4447323641013839    
   1.583438045266867    
   1.996137961515946    
   92.76726888025529    
  0.5842471481826425    
   1.217440797143418    
   2.084072984199306    
   93.08913798966117    
  0.5130326348513029    
   1.160413532914353    
   2.156466439081333    
   93.22010174560094    
  0.4157956590806908    
   1.182124193868646    
   2.204862366688443    
   93.25698191845558    
  0.3499990207684259    
   1.217339642854479    
   2.232641434313591    
   93.24988830929145    
  0.3147864645686966    
   1.243752494487308    
   2.245896132858362    
   93.22447332990023    
  0.2982614582476788    
   1.260084592980362    
   2.250131079715283    
   93.19365577426751    
  0.2916513958621393    
   1.270154236367840    
   2.249254061272807    
   93.16380691502383    
  0.2896042338224752    
   1.278271746648118    
   2.245597692920420    
   93.13801160397897    
  0.2969280000000000    
   1.275600000000000    
   2.238710000000000    
   93.10997000000000    
  0.3205000000000000    
   1.272030000000000    
   2.232410000000000    
   93.09571100000000    
  0.1000000000000000    
   1.269267321845992    
   2.500000000000000    
   92.55510244030378    
  0.2364824775138645    
   1.597822949585094    
   2.117102692824599    
   92.92629483593237    
  0.3891909064782617    
   1.283554532138623    
   2.152643613702638    
   93.14497422727935    
  0.3956197617514156    
   1.218806856709211    
   2.193226445493023    
   93.22991213264370    
  0.3636265293519561    
   1.213957175761696    
   2.222129141373692    
   93.24717379487795    
  0.3331562528177573    
   1.227675835505756    
   2.238909296250429    
   93.23305563521150    
  0.3131742987131620    
   1.242466551454508    
   2.246705996631313    
   93.20645550928630    
  0.3015743777133537    
   1.254976550048844    
   2.248634421724724    
   93.17702402182086    
  0.2947646386669595    
   1.266733316954146    
   2.246889982099903    
   93.14962540729208    
  0.2901115497351004    
   1.280271231801410    
   2.242823633803423    
   93.12669841688633    
  0.2931860000000000    
   1.278000000000000    
   2.235450000000000    
   93.10376000000000    
  0.3200000000000000    
   1.275010000000000    
   2.229590000000000    
   93.09262100000000    
  0.1000000000000117    
   1.362407430881642    
   2.499999999999988    
   92.82072584385978    
  0.2024076656442780    
   1.492962719428745    
   2.209820132605333    
   93.04114226823854    
  0.3291667796782230    
   1.283353654121359    
   2.201110381905128    
   93.18089056876089    
  0.3582924594772458    
   1.222906571495763    
   2.217999855919324    
   93.23061574812108    
  0.3499844753384555    
   1.211975324349429    
   2.233194228136511    
   93.23342175965250    
  0.3343887511788162    
   1.217623346820090    
   2.242687002987074    
   93.21464396144970    
  0.3207414406404382    
   1.228116592444207    
   2.247056902561578    
   93.18791190944476    
  0.3099704877271016    
   1.240795219241986    
   2.247545707275439    
   93.16035624924625    
  0.3008434047284181    
   1.256801189028757    
   2.245102043623901    
   93.13569818589623    
  0.2924431200324188    
   1.278133252314767    
   2.240362698487686    
   93.11590347166852    
  0.2901000000000000    
   1.276000000000000    
   2.231800000000000    
   93.09816700000000    
  0.3196000000000000    
   1.267200000000000    
   2.226910000000000    
   93.08966100000000    
  0.1000000001543655    
   1.371294437315367    
   2.458529100278282    
   92.99251462245525    
  0.2403078598360807    
   1.320616913296778    
   2.263121681554296    
   93.13411357384115    
  0.3250988054535696    
   1.235487379670702    
   2.236055831542782    
   93.20369893872324    
  0.3522226480191686    
   1.202271452800397    
   2.236869047376915    
   93.22100654600357    
  0.3530866576456537    
   1.193515592354661    
   2.242253242193318    
   93.21083937386510    
  0.3444763723341950    
   1.196301464474087    
   2.246575876283329    
   93.18858992847925    
  0.3329257814747550    
   1.205612370933933    
   2.248494507165500    
   93.16285963232086    
  0.3200774795177799    
   1.221255393494621    
   2.247639506705529    
   93.13837023178786    
  0.3058126304299273    
   1.246534996825386    
   2.243673321443389    
   93.11778225406785    
  0.2908383084989580    
   1.285579715492323    
   2.236414535331085    
   93.10270481401344    
  0.2860000000000000    
   1.282000000000000    
   2.223340000000000    
   93.09155300000000    
  0.3193000000000000    
   1.261250000000000    
   2.223340000000000    
   93.08583100000000    
  0.1842487622320333    
   1.288245528353077    
   2.369633994759754    
   93.10820785472738    
  0.2868873069627927    
   1.232874903735629    
   2.276551342340716    
   93.18279870078474    
  0.3368664767407701    
   1.199613664573933    
   2.253707332017715    
   93.20906483917872    
  0.3535083024948569    
   1.184183813463279    
   2.250552540677556    
   93.20542293983254    
  0.3531781914716666    
   1.180135910699470    
   2.252559118346714    
   93.18700972690131    
  0.3448407023148959    
   1.183371329769177    
   2.254877708029437    
   93.16304405838828    
  0.3322522195449528    
   1.193146531679306    
   2.255388443683272    
   93.13883681791035    
  0.3155974683254590    
   1.214189184767228    
   2.252333148088633    
   93.11752750926266    
  0.2927531090358130    
   1.260915094009076    
   2.243428361337882    
   93.10124494713159    
  0.2648029104626082    
   1.353888183634949    
   2.227041625579834    
   93.09176832467099    
  0.2830000000000000    
   1.320000000000000    
   2.215000000000000    
   93.08580800000000    
  0.3193000000000000    
   1.300000000000000    
   2.219310000000000    
   93.08215300000000    
  0.2125042491568492    
   1.254404704425360    
   2.354577209420768    
   93.13353157219568    
  0.2994412800525157    
   1.214620775706611    
   2.278701555995256    
   93.19304811953737    
  0.3399401997489772    
   1.190483458183694    
   2.258928722732565    
   93.20943049823126    
  0.3523395098965048    
   1.179375743682488    
   2.256146126397907    
   93.20073560673534    
  0.3502855286316505    
   1.177043307588211    
   2.258079537435178    
   93.18020513603130    
  0.3412754553692993    
   1.180474153183403    
   2.260283308022788    
   93.15572505704210    
  0.3282296544325223    
   1.189854506567739    
   2.260461226628729    
   93.13184335620521    
  0.3103132845709115    
   1.212239953308094    
   2.256225635076966    
   93.11134024951343    
  0.2828624270531280    
   1.271567037802165    
   2.243942807203737    
   93.09632787874342    
  0.2468371705990194    
   1.405344381198345    
   2.220856341223265    
   93.08894031929145    
  0.2820000000000000    
   1.360000000000000    
   2.210000000000000    
   93.08413700000000    
  0.3196000000000000    
   1.320000000000000    
   2.217740000000000    
   93.08100100000000    
  0.2452545051716244    
   1.219279872983892    
   2.341022392894515    
   93.16519326722299    
  0.3145942808408743    
   1.190617422391311    
   2.284826115289629    
   93.20872929634508    
  0.3422420296149274    
   1.175332711049892    
   2.271323958975956    
   93.21288683964724    
  0.3473385128780020    
   1.169633553409762    
   2.271042244387328    
   93.19688967150624    
  0.3417202650968741    
   1.169538605909328    
   2.274384644175906    
   93.17253891195222    
  0.3317589245834386    
   1.171742912928146    
   2.277588293270512    
   93.14636606135886    
  0.3201799131158207    
   1.174485251117317    
   2.278204737669638    
   93.12199849614953    
  0.3044116673588187    
   1.185173561177550    
   2.272254374018715    
   93.10173449509995    
  0.2679289984841726    
   1.257828648885489    
   2.250336647180170    
   93.08793086582705    
  0.2036994697217214    
   1.537531057579682    
   2.201203289926720    
   93.08473175823241    
  0.2805000000000000    
   1.490000000000000    
   2.204000000000000    
   93.08123800000000    
  0.3220000000000000    
   1.460000000000000    
   2.213780000000000    
   93.07888800000000    
  0.2316057281144731    
   1.229079199517683    
   2.350646826295521    
   93.15954942292619    
  0.3086445793345214    
   1.191675540040443    
   2.290501069312399    
   93.21250035207444    
  0.3375375342353022    
   1.173519598800093    
   2.278116168187045    
   93.21916773121067    
  0.3418409062833261    
   1.167525079150842    
   2.279221663298932    
   93.20261897636469    
  0.3354704369234979    
   1.167925411476255    
   2.283637908619673    
   93.17674063939938    
  0.3255975822240190    
   1.170048107500200    
   2.287791654258665    
   93.14889871910181    
  0.3159900560492798    
   1.169127164662288    
   2.289542550671071    
   93.12298483969124    
  0.3073230718754181    
   1.162293570174823    
   2.285052037502410    
   93.10129130922321    
  0.2815123408412019    
   1.191745606725696    
   2.262314420442457    
   93.08613885798117    
  0.2014379548156393    
   1.486973234582442    
   2.197265912759529    
   93.08294495247162    
  0.2800000000000000    
   1.470000000000000    
   2.202000000000000    
   93.08035300000000    
  0.3250000000000000    
   1.450000000000000    
   2.211590000000000    
   93.07823900000000    
  0.1970477266054396    
   1.266912495689055    
   2.368415041136540    
   93.13273821889253    
  0.2940903862484415    
   1.205875460668969    
   2.293680116620767    
   93.20855118823002    
  0.3298842424880273    
   1.179042622474969    
   2.280760309101288    
   93.22513537019127    
  0.3356595544175244    
   1.170367904484891    
   2.282855140579306    
   93.21136870883431    
  0.3294391162704271    
   1.170576180245315    
   2.287961389401292    
   93.18516428676303    
  0.3196625338965709    
   1.173681556818029    
   2.292548797312605    
   93.15584213780126    
  0.3104004084473384    
   1.174447019440450    
   2.294890044877627    
   93.12814849914886    
  0.3044095080201096    
   1.164989788641656    
   2.291967909847343    
   93.10467067466861    
  0.2935617963430056    
   1.158057380581353    
   2.273370879814834    
   93.08757624968401    
  0.2253659036154126    
   1.346267065073774    
   2.210192965114520    
   93.08182927044173    
  0.2820000000000000    
   1.330000000000000    
   2.204000000000000    
   93.08030700000000    
  0.3270000000000000    
   1.300000000000000    
   2.210890000000000    
   93.07821700000000    
  0.1094112967023637    
   1.451952998553151    
   2.401046289138332    
   93.02890926259707    
  0.2656978693181723    
   1.258626803001464    
   2.282814648042319    
   93.17887373452436    
  0.3203220711544475    
   1.197083670421779    
   2.274541481425937    
   93.22975822627238    
  0.3278327142455866    
   1.179579423439924    
   2.281944028964275    
   93.22811074975577    
  0.3203618017236178    
   1.178561623026356    
   2.289847744112052    
   93.20399851209831    
  0.3100408545041786    
   1.183113241254234    
   2.295395234233287    
   93.17275449441028    
  0.3006416662113295    
   1.188191985312843    
   2.298112865349969    
   93.14180283467999    
  0.2936839310906463    
   1.189034550564430    
   2.296546246617744    
   93.11484689822052    
  0.2898467062032983    
   1.178877270054379    
   2.284775547583772    
   93.09418168848781    
  0.2670098205617620    
   1.215200068299022    
   2.243322246562543    
   93.08302048229650    
  0.2850000000000000    
   1.200000000000000    
   2.210000000000000    
   93.08114600000000    
  0.3290000000000000    
   1.220000000000000    
   2.212330000000000    
   93.07882700000000    
  0.1000000000101359    
   1.430317570434986    
   2.368982695988179    
   92.83126007629170    
  0.2753976117834501    
   1.323854188554041    
   2.228088399461217    
   93.11204030108526    
  0.3431832041818075    
   1.202501695855206    
   2.247840143206143    
   93.22050679782954    
  0.3386588585835985    
   1.178641998120860    
   2.270996214543684    
   93.24064856008779    
  0.3205239195616615    
   1.180812073432585    
   2.286619992447144    
   93.22259329132595    
  0.3051850758838141    
   1.188854086412163    
   2.295129258762873    
   93.19095565414189    
  0.2945062902755450    
   1.197022578302699    
   2.298594707613979    
   93.15726176650605    
  0.2872130506270797    
   1.204087411784751    
   2.297602392275376    
   93.12692924294451    
  0.2827572777038631    
   1.207120174731262    
   2.289303199102500    
   93.10283665480914    
  0.2774246711152105    
   1.212561539651036    
   2.263379611331929    
   93.08747116862776    
  0.2900000000000000    
   1.190000000000000    
   2.216000000000000    
   93.08260300000000    
  0.3296000000000000    
   1.230000000000000    
   2.216140000000000    
   93.07969700000000    
  0.7704561010611672    
   1.350956141200690    
   1.908315776413226    
   92.49982561294435    
  0.7190641634100723    
   1.158851452369452    
   2.049662928072611    
   92.92129271763216    
  0.6167926680794782    
   1.075227639709528    
   2.156425129084615    
   93.16975518327777    
  0.4636474916994733    
   1.100087257100542    
   2.228597560248762    
   93.24520318213226    
  0.3641571131543573    
   1.146536778128546    
   2.270104620839894    
   93.24589525321426    
  0.3145415003260613    
   1.180271723476449    
   2.290300207514488    
   93.21759373978239    
  0.2921937740362737    
   1.200438631465184    
   2.297725130908984    
   93.18131772034970    
  0.2829798190738471    
   1.212691248658579    
   2.297911417821802    
   93.14646903391518    
  0.2797661550288658    
   1.222117120656599    
   2.292135587010323    
   93.11744049026265    
  0.2808970458823086    
   1.227459542793611    
   2.276959896499595    
   93.09679409305029    
  0.3017220000000000    
   1.205000000000000    
   2.228200000000000    
   93.08550300000000    
  0.3302000000000000    
   1.240000000000000    
   2.224330000000000    
   93.08104700000000    
  0.8999999999000000    
   2.593160904185930    
   1.549448525012471    
   92.45000000000000    
  0.9000000000000000    
   1.752408232962622    
   1.805701905182036    
   92.78506026881878    
  0.8999999999976916    
   1.199322904095977    
   2.013361027413091    
   93.06972366886714    
  0.8999999991462473    
  0.9487518395711432    
   2.149363424552595    
   93.22668957890207    
  0.5565133187004192    
   1.014468225052018    
   2.233873794859635    
   93.25937550723951    
  0.3690161612021906    
   1.128835703056113    
   2.276782519266726    
   93.24067041902464    
  0.3019930362307429    
   1.190228435519470    
   2.293855831583913    
   93.20440114404181    
  0.2809047053498095    
   1.216904906924795    
   2.297195100940497    
   93.16615029641682    
  0.2774458052152152    
   1.228371576570180    
   2.293121171377344    
   93.13273455598394    
  0.2823748769436691    
   1.232283481676666    
   2.282558876689378    
   93.10744793163698    
  0.3177400000000000    
   1.215000000000000    
   2.248010000000000    
   93.08930200000000    
  0.3304000000000000    
   1.252000000000000    
   2.232810000000000    
   93.08228300000000    
  0.9000000000000000    
   2.000000000000000    
   1.800000000000000    
   92.30000000000000    
  0.9000000000000000    
   1.700000000000000    
   1.900000000000000    
   92.67605092240035    
  0.8999999999970307    
   1.446175012841556    
   1.957588249864442    
   93.02115826724558    
  0.8999999999877835    
   1.044796231001650    
   2.106326212076907    
   93.21258553095507    
  0.7524442422971405    
  0.9199681485202279    
   2.213663357288787    
   93.26135486299997    
  0.4200920301026537    
   1.085310411246864    
   2.268042180323337    
   93.24836694554178    
  0.3132064998709111    
   1.178302318453420    
   2.290771479794685    
   93.21297392904667    
  0.2815205396444027    
   1.217168407876026    
   2.296278051827783    
   93.17376406080385    
  0.2761144792402154    
   1.231332261890371    
   2.293048121071713    
   93.13880983250188    
  0.2819171428991360    
   1.234396262492003    
   2.283700201640896    
   93.11184466543743    
  0.3172860000000000    
   1.218000000000000    
   2.254630000000000    
   93.09063700000000    
  0.3305000000000000    
   1.255000000000000    
   2.234980000000000    
   93.08278700000000    
  0.9000000000000000    
   1.650000000000000    
   1.820000000000000    
   92.20000000000000    
  0.9000000000000000    
   1.580000000000000    
   1.900000000000000    
   92.63000000000000    
  0.8999999999645228    
   1.540834966393103    
   1.938869957156610    
   93.00252749631171    
  0.8999999999768614    
   1.121386669550344    
   2.093620589166044    
   93.20812596204851    
  0.8104833355911915    
  0.9095858837384529    
   2.205131596750070    
   93.26166732050642    
  0.4457105991552390    
   1.065126797072121    
   2.264465912744953    
   93.25085633449663    
  0.3189764361121865    
   1.172134232884573    
   2.289404376157830    
   93.21590101916046    
  0.2822649918969269    
   1.216609563998916    
   2.295825560243334    
   93.17641146562214    
  0.2757794548960987    
   1.232213994447039    
   2.292944827606418    
   93.14094476850485    
  0.2816872918003384    
   1.235177328820784    
   2.283994642679050    
   93.11340942732413    
  0.3167000000000000    
   1.220000000000000    
   2.256550000000000    
   93.09089700000000    
  0.3306000000000000    
   1.255500000000000    
   2.236100000000000    
   93.08323700000000    
hcn_spln.dat





