31
    0    0    0 0.183282E+00
    0    1    0 0.185870E+00
    0    2    0 0.191040E+00
    0    3    0 0.198790E+00
    0    4    0 0.209117E+00
    0    5    0 0.222015E+00
    0    6    0 0.237477E+00
    0    7    0 0.255488E+00
    0    8    0 0.276032E+00
    0    9    0 0.299135E+00
    0   10    0 0.324714E+00
    0   11    0 0.352823E+00
    0   12    0 0.383409E+00
    0   13    0 0.416443E+00
    0   14    0 0.451927E+00
    0   15    0 0.489860E+00
    0   16    0 0.530160E+00
    0   17    0 0.572854E+00
    0   18    0 0.617889E+00
    0   19    0 0.665237E+00
    1    0    0 0.537044E+00
    1    1    0 0.539548E+00
    1    2    0 0.544555E+00
    1    3    0 0.552092E+00
    1    4    0 0.562106E+00
    1    5    0 0.574623E+00
    1    6    0 0.589617E+00
    1    7    0 0.607086E+00
    1    8    0 0.627032E+00
    1    9    0 0.649427E+00
    1   10    0 0.674244E+00
     0.20000E+03    0.76610E-17    0.80649E-17
     0.25000E+03    0.91971E-16    0.10235E-15
     0.30000E+03    0.49363E-15    0.58777E-15
     0.31250E+03    0.69175E-15    0.83864E-15
     0.35800E+03    0.19382E-14    0.25138E-14
     0.36820E+03    0.23579E-14    0.31054E-14
     0.40000E+03    0.40711E-14    0.56250E-14
     0.42320E+03    0.57523E-14    0.82297E-14
     0.50000E+03    0.14259E-13    0.22833E-13
     0.60000E+03    0.32141E-13    0.59045E-13
     0.70000E+03    0.55945E-13    0.11653E-12
     0.90000E+03    0.10920E-12    0.28303E-12
     0.10000E+04    0.13362E-12    0.38107E-12
     0.11000E+04    0.15470E-12    0.48174E-12
     0.12000E+04    0.17197E-12    0.58092E-12

