 11 19
 90.0000000000000000
 0.000000000000000000E+00 0.554014567378857681E-02 1.52124533248616389 -1.87434199163899229 0.164181454326211423
 15.0000000000000000 0.225344087660763748E-01 1.53648493492218585 -1.78386077349209016 0.147187191233923625
 30.0000000000000000 0.678127695138968922E-01 1.49575362900584063 -1.50349663565067804 0.101908830486103108
 35.0000000000000000 0.853975778447990524E-01 1.41136296956210883 -1.38916474191605954 0.843240221552009478E-01
 40.0000000000000000 0.987824276210200053E-01 1.32474584162070808 -1.33730910865949926 0.709391723789799949E-01
 45.0000000000000000 0.105438006533420670 1.29454651477334148 -1.34691272626150660 0.642835934665793307E-01
 50.0000000000000000 0.987824276210200053E-01 1.32474584162070808 -1.33730910865949926 0.709391723789799949E-01
 55.0000000000000000 0.853975778447990524E-01 1.41136296956210883 -1.38916474191605954 0.843240221552009478E-01
 60.0000000000000000 0.678127695138968922E-01 1.49575362900584063 -1.50349663565067804 0.101908830486103108
 75.0000000000000000 0.225344087660763748E-01 1.53648493492218585 -1.78386077349209016 0.147187191233923625
 90.0000000000000000 0.554014567378857681E-02 1.52124533248616389 -1.87434199163899229 0.164181454326211423
 100.000000000000000
 0.000000000000000000E+00 0.197122731097726378E-02 1.52356559937673386 -1.86742824593187118 0.167750372689022736
 15.0000000000000000 0.119160534150187791E-01 1.55275001177634708 -1.78515967754793858 0.157805546584981221
 30.0000000000000000 0.449241292029273070E-01 1.58643801852049227 -1.54666939656637625 0.124797470797072693
 35.0000000000000000 0.619209365702218933E-01 1.55344490237093669 -1.45134615841823877 0.107800663429778107
 40.0000000000000000 0.777527825543486428E-01 1.50860592442917363 -1.40995421895477202 0.919688174456513574E-01
 45.0000000000000000 0.863946462362794737E-01 1.49527000467701354 -1.42905945587724670 0.833269537637205265E-01
 50.0000000000000000 0.777527825543486428E-01 1.50860592442917363 -1.40995421895477202 0.919688174456513574E-01
 55.0000000000000000 0.619209365702218933E-01 1.55344490237093669 -1.45134615841823877 0.107800663429778107
 60.0000000000000000 0.449241292029273070E-01 1.58643801852049227 -1.54666939656637625 0.124797470797072693
 75.0000000000000000 0.119160534150187791E-01 1.55275001177634708 -1.78515967754793858 0.157805546584981221
 90.0000000000000000 0.197122731097726378E-02 1.52356559937673386 -1.86742824593187118 0.167750372689022736
 110.000000000000000
 0.000000000000000000E+00 0.168162602203369982E-03 1.52508628517101341 -1.86450842485672053 0.169553437397796630
 15.0000000000000000 0.613691338877794812E-02 1.56232366770648556 -1.78668632136551486 0.163584686611222052
 30.0000000000000000 0.302272261994320779E-01 1.63768288435981790 -1.56761752278296895 0.139494373800567922
 35.0000000000000000 0.451396781964892857E-01 1.63463285687548954 -1.48019727060526352 0.124581921803510715
 40.0000000000000000 0.609499395657589205E-01 1.61551088275546606 -1.43703607884019813 0.108771660434241080
 45.0000000000000000 0.705945301259532504E-01 1.61565894786302322 -1.46681853554346042 0.991270698740467499E-01
 50.0000000000000000 0.609499395657589205E-01 1.61551088275546606 -1.43703607884019813 0.108771660434241080
 55.0000000000000000 0.451396781964892857E-01 1.63463285687548954 -1.48019727060526352 0.124581921803510715
 60.0000000000000000 0.302272261994320779E-01 1.63768288435981790 -1.56761752278296895 0.139494373800567922
 75.0000000000000000 0.613691338877794812E-02 1.56232366770648556 -1.78668632136551486 0.163584686611222052
 90.0000000000000000 0.168162602203369982E-03 1.52508628517101341 -1.86450842485672053 0.169553437397796630
 120.000000000000000
 0.000000000000000000E+00 -0.800304914337468531E-03 1.52593003391754234 -1.86250323549511632 0.170521904914337469
 15.0000000000000000 0.284402323513596733E-02 1.56791437544323098 -1.78695040570348151 0.166877576764864033
 30.0000000000000000 0.207948254614497008E-01 1.66845005378778977 -1.57700322124958792 0.148926774538550299
 35.0000000000000000 0.335669617495559791E-01 1.68430848254563426 -1.49259283377755891 0.136154638250444021
 40.0000000000000000 0.485665979933901926E-01 1.68222918964018464 -1.44400782692774210 0.121155002006609808
 45.0000000000000000 0.586789346013461416E-01 1.69159525753025308 -1.48052258026412886 0.111042665398653859
 50.0000000000000000 0.485665979933901926E-01 1.68222918964018464 -1.44400782692774210 0.121155002006609808
 55.0000000000000000 0.335669617495559791E-01 1.68430848254563426 -1.49259283377755891 0.136154638250444021
 60.0000000000000000 0.207948254614497008E-01 1.66845005378778977 -1.57700322124958792 0.148926774538550299
 75.0000000000000000 0.284402323513596733E-02 1.56791437544323098 -1.78695040570348151 0.166877576764864033
 90.0000000000000000 -0.800304914337468531E-03 1.52593003391754234 -1.86250323549511632 0.170521904914337469
 130.000000000000000
 0.000000000000000000E+00 -0.136961730712445440E-02 1.52634207470685435 -1.86075724850851687 0.171091217307124455
 15.0000000000000000 0.862578692062992980E-03 1.57118468209213558 -1.78632371689944036 0.168859021307937007
 30.0000000000000000 0.146481373836546691E-01 1.68760782544788057 -1.58085038281608958 0.155073462616345331
 35.0000000000000000 0.256368279234475971E-01 1.71597857388612729 -1.49730471697794143 0.144084772076552403
 40.0000000000000000 0.396792203662636178E-01 1.72589152778387067 -1.44365145752314161 0.130042379633736382
 45.0000000000000000 0.500313298958989378E-01 1.74139281538971646 -1.48304196644637276 0.119690270104101062
 50.0000000000000000 0.396792203662636178E-01 1.72589152778387067 -1.44365145752314161 0.130042379633736382
 55.0000000000000000 0.256368279234475971E-01 1.71597857388612729 -1.49730471697794143 0.144084772076552403
 60.0000000000000000 0.146481373836546691E-01 1.68760782544788057 -1.58085038281608958 0.155073462616345331
 75.0000000000000000 0.862578692062992980E-03 1.57118468209213558 -1.78632371689944036 0.168859021307937007
 90.0000000000000000 -0.136961730712445440E-02 1.52634207470685435 -1.86075724850851687 0.171091217307124455
 140.000000000000000
 0.000000000000000000E+00 -0.173689455170450424E-02 1.52652137664369469 -1.85929212855325776 0.171458494551704504
 15.0000000000000000 -0.393441575603670213E-03 1.57310931469755677 -1.78533385488030283 0.170115041575603670
 30.0000000000000000 0.105811413833925561E-01 1.69978385894584960 -1.58215369295521202 0.159140458616607444
 35.0000000000000000 0.202051714861336273E-01 1.73660688292914012 -1.49868079637315321 0.149516428513866373
 40.0000000000000000 0.333783184515626108E-01 1.75511167110082478 -1.44134273579134220 0.136343281548437389
 45.0000000000000000 0.438740249288224193E-01 1.77470609386661327 -1.48126641684555116 0.125847575071177581
 50.0000000000000000 0.333783184515626108E-01 1.75511167110082478 -1.44134273579134220 0.136343281548437389
 55.0000000000000000 0.202051714861336273E-01 1.73660688292914012 -1.49868079637315321 0.149516428513866373
 60.0000000000000000 0.105811413833925561E-01 1.69978385894584960 -1.58215369295521202 0.159140458616607444
 75.0000000000000000 -0.393441575603670213E-03 1.57310931469755677 -1.78533385488030283 0.170115041575603670
 90.0000000000000000 -0.173689455170450424E-02 1.52652137664369469 -1.85929212855325776 0.171458494551704504
 150.000000000000000
 0.000000000000000000E+00 -0.198281405092223806E-02 1.52659217892264332 -1.85818789330895262 0.171704414050922238
 15.0000000000000000 -0.121287637127470704E-02 1.57425810896206397 -1.78442239859195628 0.170934476371274707
 30.0000000000000000 0.788631818760621162E-02 1.70754428901495170 -1.58242924236134619 0.161835281812393789
 35.0000000000000000 0.165253502694090726E-01 1.75004166520558080 -1.49876649676432838 0.153196249730590928
 40.0000000000000000 0.289999804933446237E-01 1.77460643337264634 -1.43908223346536923 0.140721619506655377
 45.0000000000000000 0.395894666632696790E-01 1.79691824679992473 -1.47858432505962933 0.130132133336730321
 50.0000000000000000 0.289999804933446237E-01 1.77460643337264634 -1.43908223346536923 0.140721619506655377
 55.0000000000000000 0.165253502694090726E-01 1.75004166520558080 -1.49876649676432838 0.153196249730590928
 60.0000000000000000 0.788631818760621162E-02 1.70754428901495170 -1.58242924236134619 0.161835281812393789
 75.0000000000000000 -0.121287637127470704E-02 1.57425810896206397 -1.78442239859195628 0.170934476371274707
 90.0000000000000000 -0.198281405092223806E-02 1.52659217892264332 -1.85818789330895262 0.171704414050922238
 160.000000000000000
 0.000000000000000000E+00 -0.213895145503434359E-02 1.52661133906459145 -1.85740855220595202 0.171860551455034344
 15.0000000000000000 -0.173305456954567227E-02 1.57494326891407832 -1.78378686153360722 0.171454654569545673
 30.0000000000000000 0.616136442415859964E-02 1.71234803654828149 -1.58247492960648151 0.163560235575841401
 35.0000000000000000 0.141396086902186302E-01 1.75848442612694322 -1.49853271783078257 0.155581991309781370
 40.0000000000000000 0.261112689457987379E-01 1.78708909484842349 -1.43749347799446614 0.143610331054201262
 45.0000000000000000 0.367604292306432379E-01 1.81113181475285256 -1.47642591912088927 0.132961170769356762
 50.0000000000000000 0.261112689457987379E-01 1.78708909484842349 -1.43749347799446614 0.143610331054201262
 55.0000000000000000 0.141396086902186302E-01 1.75848442612694322 -1.49853271783078257 0.155581991309781370
 60.0000000000000000 0.616136442415859964E-02 1.71234803654828149 -1.58247492960648151 0.163560235575841401
 75.0000000000000000 -0.173305456954567227E-02 1.57494326891407832 -1.78378686153360722 0.171454654569545673
 90.0000000000000000 -0.213895145503434359E-02 1.52661133906459145 -1.85740855220595202 0.171860551455034344
 170.000000000000000
 0.000000000000000000E+00 -0.222371690707148795E-02 1.52660761205026230 -1.85692645120770572 0.171945316907071488
 15.0000000000000000 -0.202128065537146573E-02 1.57531149033800477 -1.78341936980538995 0.171742880655371466
 30.0000000000000000 0.519238787643597210E-02 1.71498672355625059 -1.58253369788060527 0.164529212123564028
 35.0000000000000000 0.127898758345900421E-01 1.76316055594531296 -1.49836671201529459 0.156931724165409958
 40.0000000000000000 0.244589480915283486E-01 1.79408821365731974 -1.43664817637983644 0.145262651908471652
 45.0000000000000000 0.351407401292613553E-01 1.81909489910454392 -1.47519120926240910 0.134580859870738645
 50.0000000000000000 0.244589480915283486E-01 1.79408821365731974 -1.43664817637983644 0.145262651908471652
 55.0000000000000000 0.127898758345900421E-01 1.76316055594531296 -1.49836671201529459 0.156931724165409958
 60.0000000000000000 0.519238787643597210E-02 1.71498672355625059 -1.58253369788060527 0.164529212123564028
 75.0000000000000000 -0.202128065537146573E-02 1.57531149033800477 -1.78341936980538995 0.171742880655371466
 90.0000000000000000 -0.222371690707148795E-02 1.52660761205026230 -1.85692645120770572 0.171945316907071488
 180.000000000000000
 0.000000000000000000E+00 -0.225081900484033759E-02 1.52660378130636532 -1.85676294757193316 0.171972419004840338
 15.0000000000000000 -0.211378137677975531E-02 1.57542831032524755 -1.78330008709362420 0.171835381376779756
 30.0000000000000000 0.487867616122750203E-02 1.71583245882065349 -1.58257524175365072 0.164842923838772498
 35.0000000000000000 0.123516039611593631E-01 1.76466364383037932 -1.49832586618400221 0.157369996038840637
 40.0000000000000000 0.239204365376444184E-01 1.79635082832131276 -1.43640655518826987 0.145801163462355582
 45.0000000000000000 0.346118953012893860E-01 1.82166130281322380 -1.47478879441267030 0.135109704698710614
 50.0000000000000000 0.239204365376444184E-01 1.79635082832131276 -1.43640655518826987 0.145801163462355582
 55.0000000000000000 0.123516039611593631E-01 1.76466364383037932 -1.49832586618400221 0.157369996038840637
 60.0000000000000000 0.487867616122750203E-02 1.71583245882065349 -1.58257524175365072 0.164842923838772498
 75.0000000000000000 -0.211378137677975531E-02 1.57542831032524755 -1.78330008709362420 0.171835381376779756
 90.0000000000000000 -0.225081900484033759E-02 1.52660378130636532 -1.85676294757193316 0.171972419004840338

