 11 19
 90.0000000000000000
 0.000000000000000000E+00 -0.183926910737505778E-02 1.52616803284347191 -1.85670283402770431 0.171560869107375058
 15.0000000000000000 0.149541872124833719E-02 1.56758208938912391 -1.77547404478539494 0.168226181278751663
 30.0000000000000000 0.207713382241233868E-01 1.63703975713288474 -1.54457759909859837 0.148950261775876613
 35.0000000000000000 0.324543768953313438E-01 1.61920390829803140 -1.44804149535557802 0.137267223104668656
 40.0000000000000000 0.418584408503343275E-01 1.58130615259136698 -1.38385182954379160 0.127863159149665673
 45.0000000000000000 0.455051088597700493E-01 1.56307851032097989 -1.36853560767069693 0.124216491140229951
 50.0000000000000000 0.418584408503343275E-01 1.58130615259136698 -1.38385182954379160 0.127863159149665673
 55.0000000000000000 0.324543768953313438E-01 1.61920390829803140 -1.44804149535557802 0.137267223104668656
 60.0000000000000000 0.207713382241233868E-01 1.63703975713288474 -1.54457759909859837 0.148950261775876613
 75.0000000000000000 0.149541872124833719E-02 1.56758208938912391 -1.77547404478539494 0.168226181278751663
 90.0000000000000000 -0.183926910737505778E-02 1.52616803284347191 -1.85670283402770431 0.171560869107375058
 100.000000000000000
 0.000000000000000000E+00 -0.153150003345287056E-02 1.52690396201619660 -1.86191154943057846 0.171253100033452871
 15.0000000000000000 0.192892719378029431E-03 1.57227005021066035 -1.78414868777636570 0.169528707280621971
 30.0000000000000000 0.115947373968309786E-01 1.68125641985501684 -1.57652726629174889 0.158126862603169022
 35.0000000000000000 0.198420729710894750E-01 1.69790557467307668 -1.49536028422101830 0.149879527028910525
 40.0000000000000000 0.278003551091377255E-01 1.69286196043255699 -1.43881027878816492 0.141921244890862275
 45.0000000000000000 0.312617217000463188E-01 1.68651735831778926 -1.42095285437097130 0.138459878299953681
 50.0000000000000000 0.278003551091377255E-01 1.69286196043255699 -1.43881027878816492 0.141921244890862275
 55.0000000000000000 0.198420729710894750E-01 1.69790557467307668 -1.49536028422101830 0.149879527028910525
 60.0000000000000000 0.115947373968309786E-01 1.68125641985501684 -1.57652726629174889 0.158126862603169022
 75.0000000000000000 0.192892719378029431E-03 1.57227005021066035 -1.78414868777636570 0.169528707280621971
 90.0000000000000000 -0.153150003345287056E-02 1.52690396201619660 -1.86191154943057846 0.171253100033452871
 110.000000000000000
 0.000000000000000000E+00 -0.108644904443133683E-02 1.52740043009211357 -1.86674402768914693 0.170808049044431337
 15.0000000000000000 -0.553626203414481211E-05 1.57476067309757228 -1.79077423310501804 0.169727136262034145
 30.0000000000000000 0.762941096854274914E-02 1.70443872992836232 -1.58932202478140305 0.162092189031457251
 35.0000000000000000 0.135539173811117797E-01 1.74156470152292120 -1.51345660586421182 0.156167682618888221
 40.0000000000000000 0.198794380856530395E-01 1.75859270103077403 -1.46052803137592102 0.149842161914346961
 45.0000000000000000 0.228687642449719453E-01 1.76146427698452235 -1.44214178732798981 0.146852835755028055
 50.0000000000000000 0.198794380856530395E-01 1.75859270103077403 -1.46052803137592102 0.149842161914346961
 55.0000000000000000 0.135539173811117797E-01 1.74156470152292120 -1.51345660586421182 0.156167682618888221
 60.0000000000000000 0.762941096854274914E-02 1.70443872992836232 -1.58932202478140305 0.162092189031457251
 75.0000000000000000 -0.553626203414481211E-05 1.57476067309757228 -1.79077423310501804 0.169727136262034145
 90.0000000000000000 -0.108644904443133683E-02 1.52740043009211357 -1.86674402768914693 0.170808049044431337
 120.000000000000000
 0.000000000000000000E+00 -0.607071928282798545E-03 1.52775673560283232 -1.87020511920992050 0.170328671928282799
 15.0000000000000000 0.214722915625187305E-03 1.57625704151950941 -1.79614904341827430 0.169506877084374813
 30.0000000000000000 0.612745236763045931E-02 1.71691800986916587 -1.59515596587241815 0.163594147632369541
 35.0000000000000000 0.108096201315462936E-01 1.76617985774986241 -1.51805366036698364 0.158911979868453707
 40.0000000000000000 0.160265260342144500E-01 1.79798075494457632 -1.46464135682146357 0.153695073965785550
 45.0000000000000000 0.186177553640251847E-01 1.80761824640733915 -1.44547844127248570 0.151103844635974816
 50.0000000000000000 0.160265260342144500E-01 1.79798075494457632 -1.46464135682146357 0.153695073965785550
 55.0000000000000000 0.108096201315462936E-01 1.76617985774986241 -1.51805366036698364 0.158911979868453707
 60.0000000000000000 0.612745236763045931E-02 1.71691800986916587 -1.59515596587241815 0.163594147632369541
 75.0000000000000000 0.214722915625187305E-03 1.57625704151950941 -1.79614904341827430 0.169506877084374813
 90.0000000000000000 -0.607071928282798545E-03 1.52775673560283232 -1.87020511920992050 0.170328671928282799
 130.000000000000000
 0.000000000000000000E+00 -0.209749888640725635E-03 1.52804758409402086 -1.87431852987851388 0.169931349888640726
 15.0000000000000000 0.596280252049413706E-03 1.57731360306848667 -1.80084808018076603 0.169125319747950587
 30.0000000000000000 0.575379674200748870E-02 1.72400046340097512 -1.59933346543693533 0.163967803257992512
 35.0000000000000000 0.987925736323663761E-02 1.78027344664638765 -1.51849875738743312 0.159842342636763363
 40.0000000000000000 0.145461514950238902E-01 1.82168446428507558 -1.46132669117263259 0.155175448504976110
 45.0000000000000000 0.169072924134938962E-01 1.83614241279141033 -1.44069315533763831 0.152814307586506104
 50.0000000000000000 0.145461514950238902E-01 1.82168446428507558 -1.46132669117263259 0.155175448504976110
 55.0000000000000000 0.987925736323663761E-02 1.78027344664638765 -1.51849875738743312 0.159842342636763363
 60.0000000000000000 0.575379674200748870E-02 1.72400046340097512 -1.59933346543693533 0.163967803257992512
 75.0000000000000000 0.596280252049413706E-03 1.57731360306848667 -1.80084808018076603 0.169125319747950587
 90.0000000000000000 -0.209749888640725635E-03 1.52804758409402086 -1.87431852987851388 0.169931349888640726
 140.000000000000000
 0.000000000000000000E+00 0.143475175843038594E-03 1.52820444172208525 -1.87643878571853895 0.169578124824156962
 15.0000000000000000 0.100048552184403561E-02 1.57803777656841060 -1.80460659750978292 0.168721114478155965
 30.0000000000000000 0.588323384527292270E-02 1.72848082438927086 -1.60538856683087161 0.163838366154727078
 35.0000000000000000 0.982526516915677162E-02 1.78862427161523385 -1.51910172675443245 0.159896334830843229
 40.0000000000000000 0.143124938475170382E-01 1.83590786713071785 -1.45640875057396957 0.155409106152482962
 45.0000000000000000 0.165920872732845393E-01 1.85366162702787340 -1.43360236790932594 0.153129512726715461
 50.0000000000000000 0.143124938475170382E-01 1.83590786713071785 -1.45640875057396957 0.155409106152482962
 55.0000000000000000 0.982526516915677162E-02 1.78862427161523385 -1.51910172675443245 0.159896334830843229
 60.0000000000000000 0.588323384527292270E-02 1.72848082438927086 -1.60538856683087161 0.163838366154727078
 75.0000000000000000 0.100048552184403561E-02 1.57803777656841060 -1.80460659750978292 0.168721114478155965
 90.0000000000000000 0.143475175843038594E-03 1.52820444172208525 -1.87643878571853895 0.169578124824156962
 150.000000000000000
 0.000000000000000000E+00 0.371118741077980374E-03 1.52837481425048427 -1.88007921539775014 0.169350481258922020
 15.0000000000000000 0.133981262124815981E-02 1.57852643251531810 -1.80806155807001323 0.168381787378751840
 30.0000000000000000 0.623816782366690137E-02 1.73152086890357171 -1.61140362022106265 0.163483432176333099
 35.0000000000000000 0.101449778652563660E-01 1.79389417030695930 -1.52198547120428929 0.159576622134743634
 40.0000000000000000 0.146522663095241534E-01 1.84443449748088928 -1.45255095169114390 0.155069333690475847
 45.0000000000000000 0.169379673422332400E-01 1.86422347288518853 -1.42687781484080545 0.152783632657766760
 50.0000000000000000 0.146522663095241534E-01 1.84443449748088928 -1.45255095169114390 0.155069333690475847
 55.0000000000000000 0.101449778652563660E-01 1.79389417030695930 -1.52198547120428929 0.159576622134743634
 60.0000000000000000 0.623816782366690137E-02 1.73152086890357171 -1.61140362022106265 0.163483432176333099
 75.0000000000000000 0.133981262124815981E-02 1.57852643251531810 -1.80806155807001323 0.168381787378751840
 90.0000000000000000 0.371118741077980374E-03 1.52837481425048427 -1.88007921539775014 0.169350481258922020
 160.000000000000000
 0.000000000000000000E+00 0.613081334845749781E-03 1.52852104296688540 -1.87878634498782060 0.169108518665154250
 15.0000000000000000 0.159941877655811471E-02 1.57888451872212765 -1.81099967300712072 0.168122181223441886
 30.0000000000000000 0.671145069291567697E-02 1.73331051833319627 -1.61138362320128903 0.163010149307084323
 35.0000000000000000 0.105832244190944835E-01 1.79786416051268327 -1.52982888540924589 0.159138375580905517
 40.0000000000000000 0.151496778037107094E-01 1.84941692867259122 -1.45070298870457504 0.154571922196289291
 45.0000000000000000 0.174747150781458527E-01 1.87030244695102210 -1.42165378371904461 0.152246884921854148
 50.0000000000000000 0.151496778037107094E-01 1.84941692867259122 -1.45070298870457504 0.154571922196289291
 55.0000000000000000 0.105832244190944835E-01 1.79786416051268327 -1.52982888540924589 0.159138375580905517
 60.0000000000000000 0.671145069291567697E-02 1.73331051833319627 -1.61138362320128903 0.163010149307084323
 75.0000000000000000 0.159941877655811471E-02 1.57888451872212765 -1.81099967300712072 0.168122181223441886
 90.0000000000000000 0.613081334845749781E-03 1.52852104296688540 -1.87878634498782060 0.169108518665154250
 170.000000000000000
 0.000000000000000000E+00 0.673780547382846207E-03 1.52877088098326142 -1.88280123136496536 0.169047819452617154
 15.0000000000000000 0.181908384942355839E-02 1.57877156713133893 -1.80939365471091085 0.167902516150576442
 30.0000000000000000 0.719201133020677674E-02 1.73372285797694770 -1.60067245244609802 0.162529588669793223
 35.0000000000000000 0.109391962226469130E-01 1.80233507497409717 -1.55222346018510793 0.158782403777353087
 40.0000000000000000 0.155530075912410637E-01 1.85187796559034790 -1.44875185535027651 0.154168592408758937
 45.0000000000000000 0.179138544877183170E-01 1.87340935369222472 -1.41831643596735280 0.151807745512281683
 50.0000000000000000 0.155530075912410637E-01 1.85187796559034790 -1.44875185535027651 0.154168592408758937
 55.0000000000000000 0.109391962226469130E-01 1.80233507497409717 -1.55222346018510793 0.158782403777353087
 60.0000000000000000 0.719201133020677674E-02 1.73372285797694770 -1.60067245244609802 0.162529588669793223
 75.0000000000000000 0.181908384942355839E-02 1.57877156713133893 -1.80939365471091085 0.167902516150576442
 90.0000000000000000 0.673780547382846207E-03 1.52877088098326142 -1.88280123136496536 0.169047819452617154
 180.000000000000000
 0.000000000000000000E+00 0.741744595706306242E-03 1.52860649379496816 -1.88214993333035863 0.168979855404293694
 15.0000000000000000 0.184719559664339728E-02 1.57910890526181236 -1.81187111996871408 0.167874404403356603
 30.0000000000000000 0.698647954423270434E-02 1.73401200645094322 -1.61288557770782859 0.162735120455767296
 35.0000000000000000 0.110191733474776232E-01 1.79874900949594174 -1.52229117565945926 0.158702426652522377
 40.0000000000000000 0.157010884210504464E-01 1.85243922439064779 -1.44684235299792396 0.154020511578949554
 45.0000000000000000 0.180779877797878907E-01 1.87435417367516810 -1.41718149599266074 0.151643612220212110
 50.0000000000000000 0.157010884210504464E-01 1.85243922439064779 -1.44684235299792396 0.154020511578949554
 55.0000000000000000 0.110191733474776232E-01 1.79874900949594174 -1.52229117565945926 0.158702426652522377
 60.0000000000000000 0.698647954423270434E-02 1.73401200645094322 -1.61288557770782859 0.162735120455767296
 75.0000000000000000 0.184719559664339728E-02 1.57910890526181236 -1.81187111996871408 0.167874404403356603
 90.0000000000000000 0.741744595706306242E-03 1.52860649379496816 -1.88214993333035863 0.168979855404293694

