 11 19
 90.0000000000000000
 0.000000000000000000E+00 0.518982008173868862E-04 -0.442385298619950003E-03 0.159843432142808416E-02
 15.0000000000000000 0.197304037329964002E-02 -0.409683969401404557E-02 0.341395070401293368E-02
 30.0000000000000000 0.119237126244357127E-01 -0.310428204545191155E-01 0.217473055430439412E-01
 35.0000000000000000 0.144490474064415293E-01 -0.390897241030980364E-01 0.282634513683621275E-01
 40.0000000000000000 0.615634298221123376E-02 -0.110606485755287264E-01 0.485910555740638045E-02
 45.0000000000000000 -0.224917368942310512E-02 0.178360461876938894E-01 -0.197012367812404131E-01
 50.0000000000000000 0.615634298221123376E-02 -0.110606485755287264E-01 0.485910555740638045E-02
 55.0000000000000000 0.144490474064415293E-01 -0.390897241030980364E-01 0.282634513683621275E-01
 60.0000000000000000 0.119237126244357127E-01 -0.310428204545191155E-01 0.217473055430439412E-01
 75.0000000000000000 0.197304037329964002E-02 -0.409683969401404557E-02 0.341395070401293368E-02
 90.0000000000000000 0.518982008173868862E-04 -0.442385298619950003E-03 0.159843432142808416E-02
 100.000000000000000
 0.000000000000000000E+00 0.437377604193613784E-03 -0.184142509765524874E-02 0.279100803343432409E-02
 15.0000000000000000 0.205757068599539666E-02 -0.545343620418522763E-02 0.508548674198476547E-02
 30.0000000000000000 0.796134153869019687E-02 -0.213860696880746950E-01 0.159265453788151809E-01
 35.0000000000000000 0.994558116267251803E-02 -0.271470087607614749E-01 0.201588215756583547E-01
 40.0000000000000000 0.411403415619435945E-02 -0.557753461438882225E-02 0.724925124145474570E-03
 45.0000000000000000 -0.151265074706391652E-02 0.150874730692601659E-01 -0.178088109845030047E-01
 50.0000000000000000 0.411403415619435945E-02 -0.557753461438882225E-02 0.724925124145474570E-03
 55.0000000000000000 0.994558116267251803E-02 -0.271470087607614749E-01 0.201588215756583547E-01
 60.0000000000000000 0.796134153869019687E-02 -0.213860696880746950E-01 0.159265453788151809E-01
 75.0000000000000000 0.205757068599539666E-02 -0.545343620418522763E-02 0.508548674198476547E-02
 90.0000000000000000 0.437377604193613784E-03 -0.184142509765524874E-02 0.279100803343432409E-02
 110.000000000000000
 0.000000000000000000E+00 0.622881191996163585E-03 -0.265844195051569750E-02 0.360630647744357869E-02
 15.0000000000000000 0.180792582721963258E-02 -0.551163455414297419E-02 0.574849327855847091E-02
 30.0000000000000000 0.520427339403104795E-02 -0.144288833204060350E-01 0.118462192643641988E-01
 35.0000000000000000 0.704688185556750363E-02 -0.195238665083457726E-01 0.153762121234129467E-01
 40.0000000000000000 0.343401259672109068E-02 -0.459309214697048353E-02 0.746110292855922262E-03
 45.0000000000000000 -0.136580674029010743E-02 0.142852423085879539E-01 -0.172114429167835904E-01
 50.0000000000000000 0.343401259672109068E-02 -0.459309214697048353E-02 0.746110292855922262E-03
 55.0000000000000000 0.704688185556750363E-02 -0.195238665083457726E-01 0.153762121234129467E-01
 60.0000000000000000 0.520427339403104795E-02 -0.144288833204060350E-01 0.118462192643641988E-01
 75.0000000000000000 0.180792582721963258E-02 -0.551163455414297419E-02 0.574849327855847091E-02
 90.0000000000000000 0.622881191996163585E-03 -0.265844195051569750E-02 0.360630647744357869E-02
 120.000000000000000
 0.000000000000000000E+00 0.701894903171813920E-03 -0.311695332643977061E-02 0.414373078171870971E-02
 15.0000000000000000 0.148943518531752077E-02 -0.511644497563742539E-02 0.595654542975195336E-02
 30.0000000000000000 0.328113560965636979E-02 -0.942275635068065033E-02 0.895552140263009867E-02
 35.0000000000000000 0.493385416996829605E-02 -0.138361906155318667E-01 0.119154511979448988E-01
 40.0000000000000000 0.307478216085218950E-02 -0.455165037952916240E-02 0.172396665103996755E-02
 45.0000000000000000 -0.136508932730246822E-02 0.139701616965538632E-01 -0.168053529136043787E-01
 50.0000000000000000 0.307478216085218950E-02 -0.455165037952916240E-02 0.172396665103996755E-02
 55.0000000000000000 0.493385416996829605E-02 -0.138361906155318667E-01 0.119154511979448988E-01
 60.0000000000000000 0.328113560965636979E-02 -0.942275635068065033E-02 0.895552140263009867E-02
 75.0000000000000000 0.148943518531752077E-02 -0.511644497563742539E-02 0.595654542975195336E-02
 90.0000000000000000 0.701894903171813920E-03 -0.311695332643977061E-02 0.414373078171870971E-02
 130.000000000000000
 0.000000000000000000E+00 0.728373211728838821E-03 -0.336810614498086374E-02 0.449396799065801284E-02
 15.0000000000000000 0.120050668836448743E-02 -0.462972473905301149E-02 0.597709984567897611E-02
 30.0000000000000000 0.194255237113801068E-02 -0.583142116541439295E-02 0.688656999420268322E-02
 35.0000000000000000 0.333097039820182258E-02 -0.934636517538078859E-02 0.913840064860931521E-02
 40.0000000000000000 0.272192108581621696E-02 -0.428967066008118739E-02 0.245687194975237680E-02
 45.0000000000000000 -0.140528697191178212E-02 0.138213639098378575E-01 -0.164304746564696846E-01
 50.0000000000000000 0.272192108581621696E-02 -0.428967066008118739E-02 0.245687194975237680E-02
 55.0000000000000000 0.333097039820182258E-02 -0.934636517538078859E-02 0.913840064860931521E-02
 60.0000000000000000 0.194255237113801068E-02 -0.583142116541439295E-02 0.688656999420268322E-02
 75.0000000000000000 0.120050668836448743E-02 -0.462972473905301149E-02 0.597709984567897611E-02
 90.0000000000000000 0.728373211728838821E-03 -0.336810614498086374E-02 0.449396799065801284E-02
 140.000000000000000
 0.000000000000000000E+00 0.734062757933738944E-03 -0.351180496366921722E-02 0.472755380720488085E-02
 15.0000000000000000 0.968790883152177229E-03 -0.418793779719714605E-02 0.592842136125248682E-02
 30.0000000000000000 0.102539796662957320E-02 -0.330596880169250779E-02 0.543021463989111931E-02
 35.0000000000000000 0.213753697650189648E-02 -0.587279295060447615E-02 0.692661632093936712E-02
 40.0000000000000000 0.231198526156596064E-02 -0.355501503867554445E-02 0.260153947979318992E-02
 45.0000000000000000 -0.146325786088438888E-02 0.137852065685890902E-01 -0.161265577303003234E-01
 50.0000000000000000 0.231198526156596064E-02 -0.355501503867554445E-02 0.260153947979318992E-02
 55.0000000000000000 0.213753697650189648E-02 -0.587279295060447615E-02 0.692661632093936712E-02
 60.0000000000000000 0.102539796662957320E-02 -0.330596880169250779E-02 0.543021463989111931E-02
 75.0000000000000000 0.968790883152177229E-03 -0.418793779719714605E-02 0.592842136125248682E-02
 90.0000000000000000 0.734062757933738944E-03 -0.351180496366921722E-02 0.472755380720488085E-02
 150.000000000000000
 0.000000000000000000E+00 0.736198858588425157E-03 -0.360927443268186992E-02 0.489401875074259307E-02
 15.0000000000000000 0.801816371962164095E-03 -0.385270354490037338E-02 0.587573872119452872E-02
 30.0000000000000000 0.399892356942216343E-03 -0.153710410716234700E-02 0.439480684025332635E-02
 35.0000000000000000 0.129472443784699057E-02 -0.334376141791937771E-02 0.527652753368186480E-02
 40.0000000000000000 0.190518911306781385E-02 -0.258721009148132810E-02 0.232943783867041541E-02
 45.0000000000000000 -0.152325823297083294E-02 0.138181262068713916E-01 -0.159125089770871184E-01
 50.0000000000000000 0.190518911306781385E-02 -0.258721009148132810E-02 0.232943783867041541E-02
 55.0000000000000000 0.129472443784699057E-02 -0.334376141791937771E-02 0.527652753368186480E-02
 60.0000000000000000 0.399892356942216343E-03 -0.153710410716234700E-02 0.439480684025332635E-02
 75.0000000000000000 0.801816371962164095E-03 -0.385270354490037338E-02 0.587573872119452872E-02
 90.0000000000000000 0.736198858588425157E-03 -0.360927443268186992E-02 0.489401875074259307E-02
 160.000000000000000
 0.000000000000000000E+00 0.738695991848210159E-03 -0.367982764978725405E-02 0.501246392890728355E-02
 15.0000000000000000 0.697960889629183111E-03 -0.364675494018785367E-02 0.585348525772231253E-02
 30.0000000000000000 -0.402700163037597498E-05 -0.365688487058135820E-03 0.369338276627726066E-02
 35.0000000000000000 0.754347959897084066E-03 -0.168944576644136516E-02 0.418508436360656710E-02
 40.0000000000000000 0.157511182046702518E-02 -0.170053089136155879E-02 0.192948549179145380E-02
 45.0000000000000000 -0.157109165847536922E-02 0.138694831099171155E-01 -0.157752186575761157E-01
 50.0000000000000000 0.157511182046702518E-02 -0.170053089136155879E-02 0.192948549179145380E-02
 55.0000000000000000 0.754347959897084066E-03 -0.168944576644136516E-02 0.418508436360656710E-02
 60.0000000000000000 -0.402700163037597498E-05 -0.365688487058135820E-03 0.369338276627726066E-02
 75.0000000000000000 0.697960889629183111E-03 -0.364675494018785367E-02 0.585348525772231253E-02
 90.0000000000000000 0.738695991848210159E-03 -0.367982764978725405E-02 0.501246392890728355E-02
 170.000000000000000
 0.000000000000000000E+00 0.740736204028617437E-03 -0.372387430413961005E-02 0.508505819387183606E-02
 15.0000000000000000 0.645043928133318015E-03 -0.354851118006145605E-02 0.585662277507221531E-02
 30.0000000000000000 -0.204611638060100737E-03 0.216763195449903547E-03 0.335673819903398694E-02
 35.0000000000000000 0.481903440580262049E-03 -0.856407202232799519E-03 0.365251149385315650E-02
 40.0000000000000000 0.136512273091640669E-02 -0.110153448238168683E-02 0.161333722783899144E-02
 45.0000000000000000 -0.159875088590460588E-02 0.139029105707953200E-01 -0.156945679395569422E-01
 50.0000000000000000 0.136512273091640669E-02 -0.110153448238168683E-02 0.161333722783899144E-02
 55.0000000000000000 0.481903440580262049E-03 -0.856407202232799519E-03 0.365251149385315650E-02
 60.0000000000000000 -0.204611638060100737E-03 0.216763195449903547E-03 0.335673819903398694E-02
 75.0000000000000000 0.645043928133318015E-03 -0.354851118006145605E-02 0.585662277507221531E-02
 90.0000000000000000 0.740736204028617437E-03 -0.372387430413961005E-02 0.508505819387183606E-02
 180.000000000000000
 0.000000000000000000E+00 0.000000000000000000E+00 0.000000000000000000E+00 0.000000000000000000E+00
 15.0000000000000000 0.000000000000000000E+00 0.000000000000000000E+00 0.000000000000000000E+00
 30.0000000000000000 0.000000000000000000E+00 0.000000000000000000E+00 0.000000000000000000E+00
 35.0000000000000000 0.000000000000000000E+00 0.000000000000000000E+00 0.000000000000000000E+00
 40.0000000000000000 0.000000000000000000E+00 0.000000000000000000E+00 0.000000000000000000E+00
 45.0000000000000000 0.000000000000000000E+00 0.000000000000000000E+00 0.000000000000000000E+00
 50.0000000000000000 0.000000000000000000E+00 0.000000000000000000E+00 0.000000000000000000E+00
 55.0000000000000000 0.000000000000000000E+00 0.000000000000000000E+00 0.000000000000000000E+00
 60.0000000000000000 0.000000000000000000E+00 0.000000000000000000E+00 0.000000000000000000E+00
 75.0000000000000000 0.000000000000000000E+00 0.000000000000000000E+00 0.000000000000000000E+00
 90.0000000000000000 0.000000000000000000E+00 0.000000000000000000E+00 0.000000000000000000E+00

