 11 19
 90.0000000000000000
 0.000000000000000000E+00 0.670636737880864198E-02 1.52147370447812058 -1.88722040064073271 0.163015232621191358
 15.0000000000000000 0.250493710009962733E-01 1.53312787996120137 -1.79143482159854406 0.144672228999003727
 30.0000000000000000 0.713634732396513233E-01 1.48396725918432737 -1.51916677393874622 0.983581267603486770E-01
 35.0000000000000000 0.886905041817969420E-01 1.39596439014929907 -1.40132282654387108 0.810310958182030583E-01
 40.0000000000000000 0.100047944778311526 1.29751092360658560 -1.32176494658292465 0.696736552216884741E-01
 45.0000000000000000 0.104348995480848306 1.26230664694541717 -1.31233628863089624 0.653726045191516947E-01
 50.0000000000000000 0.100047944778311526 1.29751092360658560 -1.32176494658292465 0.696736552216884741E-01
 55.0000000000000000 0.886905041817969420E-01 1.39596439014929907 -1.40132282654387108 0.810310958182030583E-01
 60.0000000000000000 0.713634732396513233E-01 1.48396725918432737 -1.51916677393874622 0.983581267603486770E-01
 75.0000000000000000 0.250493710009962733E-01 1.53312787996120137 -1.79143482159854406 0.144672228999003727
 90.0000000000000000 0.670636737880864198E-02 1.52147370447812058 -1.88722040064073271 0.163015232621191358
 100.000000000000000
 0.000000000000000000E+00 0.277954975873689891E-02 1.52411032856137729 -1.87646700821096402 0.166942050241263101
 15.0000000000000000 0.136417863341683765E-01 1.55196459174196155 -1.79649511282003105 0.156079813665831624
 30.0000000000000000 0.481567756459868740E-01 1.58048887094544765 -1.56134281974146405 0.121564824354013126
 35.0000000000000000 0.652768217334928763E-01 1.54161161301831173 -1.45467931969679420 0.104444778266507124
 40.0000000000000000 0.801681818498481830E-01 1.48801035870773646 -1.39752526795492704 0.895534181501518173E-01
 45.0000000000000000 0.867767707368178876E-01 1.46751570464638514 -1.39669913899895470 0.829448292631821127E-01
 50.0000000000000000 0.801681818498481830E-01 1.48801035870773646 -1.39752526795492704 0.895534181501518173E-01
 55.0000000000000000 0.652768217334928763E-01 1.54161161301831173 -1.45467931969679420 0.104444778266507124
 60.0000000000000000 0.481567756459868740E-01 1.58048887094544765 -1.56134281974146405 0.121564824354013126
 75.0000000000000000 0.136417863341683765E-01 1.55196459174196155 -1.79649511282003105 0.156079813665831624
 90.0000000000000000 0.277954975873689891E-02 1.52411032856137729 -1.87646700821096402 0.166942050241263101
 110.000000000000000
 0.000000000000000000E+00 0.811219065621288093E-03 1.52574194749022030 -1.87158120114509763 0.168910380934378712
 15.0000000000000000 0.743325973834813025E-02 1.56218851117759683 -1.79465722825270624 0.162288340261651870
 30.0000000000000000 0.329705718438427775E-01 1.63458866066026287 -1.58020398203388290 0.136751028156157223
 35.0000000000000000 0.485143571724004213E-01 1.62923159679182006 -1.49100239543165092 0.121207242827599579
 40.0000000000000000 0.640635232437270080E-01 1.60438623026138316 -1.43990158117308598 0.105658076756272992
 45.0000000000000000 0.717083784289147125E-01 1.59307413642790485 -1.43737561936463631 0.980132215710852878E-01
 50.0000000000000000 0.640635232437270080E-01 1.60438623026138316 -1.43990158117308598 0.105658076756272992
 55.0000000000000000 0.485143571724004213E-01 1.62923159679182006 -1.49100239543165092 0.121207242827599579
 60.0000000000000000 0.329705718438427775E-01 1.63458866066026287 -1.58020398203388290 0.136751028156157223
 75.0000000000000000 0.743325973834813025E-02 1.56218851117759683 -1.79465722825270624 0.162288340261651870
 90.0000000000000000 0.811219065621288093E-03 1.52574194749022030 -1.87158120114509763 0.168910380934378712
 120.000000000000000
 0.000000000000000000E+00 -0.328417442922473990E-03 1.52655918070140051 -1.86924460405697523 0.170050017442922474
 15.0000000000000000 0.377838093013938003E-02 1.56828375067775139 -1.79437444347933583 0.165943219069860620
 30.0000000000000000 0.230153463692188420E-01 1.66647019922660311 -1.58276615406858912 0.146706253630781158
 35.0000000000000000 0.363324814880540414E-01 1.68024405217463113 -1.49901573017010481 0.133389118511945959
 40.0000000000000000 0.515663558900814889E-01 1.67434275601626359 -1.44583792156498880 0.118155244109918511
 45.0000000000000000 0.601723741407533957E-01 1.67521410162514206 -1.45827678693295271 0.109549225859246604
 50.0000000000000000 0.515663558900814889E-01 1.67434275601626359 -1.44583792156498880 0.118155244109918511
 55.0000000000000000 0.363324814880540414E-01 1.68024405217463113 -1.49901573017010481 0.133389118511945959
 60.0000000000000000 0.230153463692188420E-01 1.66647019922660311 -1.58276615406858912 0.146706253630781158
 75.0000000000000000 0.377838093013938003E-02 1.56828375067775139 -1.79437444347933583 0.165943219069860620
 90.0000000000000000 -0.328417442922473990E-03 1.52655918070140051 -1.86924460405697523 0.170050017442922474
 130.000000000000000
 0.000000000000000000E+00 -0.100292192364562216E-02 1.52682881371481582 -1.86526390764539851 0.170724521923645622
 15.0000000000000000 0.152606951595773976E-02 1.57163436035726689 -1.79230305816666191 0.168195530484042260
 30.0000000000000000 0.162405322940436525E-01 1.68643772847338358 -1.58687033913057562 0.153481067705956348
 35.0000000000000000 0.277435930628999738E-01 1.71286298425236416 -1.49847653028421912 0.141978006937100026
 40.0000000000000000 0.420145842337641129E-01 1.72022983413680763 -1.44419637323469363 0.127707015766235887
 45.0000000000000000 0.514074990343705157E-01 1.73105860546509027 -1.47190486250649899 0.118314100965629485
 50.0000000000000000 0.420145842337641129E-01 1.72022983413680763 -1.44419637323469363 0.127707015766235887
 55.0000000000000000 0.277435930628999738E-01 1.71286298425236416 -1.49847653028421912 0.141978006937100026
 60.0000000000000000 0.162405322940436525E-01 1.68643772847338358 -1.58687033913057562 0.153481067705956348
 75.0000000000000000 0.152606951595773976E-02 1.57163436035726689 -1.79230305816666191 0.168195530484042260
 90.0000000000000000 -0.100292192364562216E-02 1.52682881371481582 -1.86526390764539851 0.170724521923645622
 140.000000000000000
 0.000000000000000000E+00 -0.148935486679185880E-02 1.52687755636351885 -1.86254001555800364 0.171210954866791859
 15.0000000000000000 0.650988059802126706E-04 1.57346841894693212 -1.78921751573957399 0.169656501194019788
 30.0000000000000000 0.116103233786063187E-01 1.69904223257733333 -1.58519708561664441 0.158111276621393682
 35.0000000000000000 0.215583752603826784E-01 1.73461014142119763 -1.49994347878430556 0.148163224739617322
 40.0000000000000000 0.350458442521558167E-01 1.75156752550142336 -1.44043564774164468 0.134675755747844184
 45.0000000000000000 0.449255157023571855E-01 1.76841476945215703 -1.47544080595339389 0.124796084297642815
 50.0000000000000000 0.350458442521558167E-01 1.75156752550142336 -1.44043564774164468 0.134675755747844184
 55.0000000000000000 0.215583752603826784E-01 1.73461014142119763 -1.49994347878430556 0.148163224739617322
 60.0000000000000000 0.116103233786063187E-01 1.69904223257733333 -1.58519708561664441 0.158111276621393682
 75.0000000000000000 0.650988059802126706E-04 1.57346841894693212 -1.78921751573957399 0.169656501194019788
 90.0000000000000000 -0.148935486679185880E-02 1.52687755636351885 -1.86254001555800364 0.171210954866791859
 150.000000000000000
 0.000000000000000000E+00 -0.183156271031106876E-02 1.52680476518332409 -1.85993526112995267 0.171553162710311069
 15.0000000000000000 -0.933011568067770858E-03 1.57447850115564569 -1.78644651685273437 0.170654611568067771
 30.0000000000000000 0.846643910783237419E-02 1.70752297237319883 -1.58693268157053469 0.161255160892167626
 35.0000000000000000 0.173016304874284432E-01 1.74928248107433570 -1.50092491672504535 0.152419969512571557
 40.0000000000000000 0.299097023778565896E-01 1.77255148777588745 -1.44042326397611697 0.139811897622143411
 45.0000000000000000 0.401747612012216815E-01 1.79302080651699769 -1.47443701309790187 0.129546838798778319
 50.0000000000000000 0.299097023778565896E-01 1.77255148777588745 -1.44042326397611697 0.139811897622143411
 55.0000000000000000 0.173016304874284432E-01 1.74928248107433570 -1.50092491672504535 0.152419969512571557
 60.0000000000000000 0.846643910783237419E-02 1.70752297237319883 -1.58693268157053469 0.161255160892167626
 75.0000000000000000 -0.933011568067770858E-03 1.57447850115564569 -1.78644651685273437 0.170654611568067771
 90.0000000000000000 -0.183156271031106876E-02 1.52680476518332409 -1.85993526112995267 0.171553162710311069
 160.000000000000000
 0.000000000000000000E+00 -0.207157612827496562E-02 1.52670934871047681 -1.85834749844986891 0.171793176128274966
 15.0000000000000000 -0.160252787366851890E-02 1.57504515665475142 -1.78466166506820811 0.171324127873668519
 30.0000000000000000 0.649887427829570763E-02 1.71268443198171449 -1.58365668573387941 0.163222725721704293
 35.0000000000000000 0.145033459635291462E-01 1.75962940381296540 -1.50817499032720903 0.155218254036470854
 40.0000000000000000 0.265207180931103514E-01 1.78598575929791803 -1.43501274951754554 0.143200881906889649
 45.0000000000000000 0.370920942735010750E-01 1.80962682007416853 -1.47534309385945539 0.132629505726498925
 50.0000000000000000 0.265207180931103514E-01 1.78598575929791803 -1.43501274951754554 0.143200881906889649
 55.0000000000000000 0.145033459635291462E-01 1.75962940381296540 -1.50817499032720903 0.155218254036470854
 60.0000000000000000 0.649887427829570763E-02 1.71268443198171449 -1.58365668573387941 0.163222725721704293
 75.0000000000000000 -0.160252787366851890E-02 1.57504515665475142 -1.78466166506820811 0.171324127873668519
 90.0000000000000000 -0.207157612827496562E-02 1.52670934871047681 -1.85834749844986891 0.171793176128274966
 170.000000000000000
 0.000000000000000000E+00 -0.220620661174988908E-02 1.52663129630040584 -1.85713557767294302 0.171927806611749889
 15.0000000000000000 -0.198908133479888671E-02 1.57534394393554300 -1.78369783659962189 0.171710681334798887
 30.0000000000000000 0.554370483290750338E-02 1.71468274329321524 -1.57153649643089377 0.164177895167092497
 35.0000000000000000 0.130654482023098706E-01 1.76784496337480568 -1.52480481413223479 0.156656151797690130
 40.0000000000000000 0.245083468704014318E-01 1.79464200559659570 -1.44052784553077484 0.145213253129598568
 45.0000000000000000 0.350847883820720186E-01 1.81808414887661418 -1.47285377901130921 0.134636811617927982
 50.0000000000000000 0.245083468704014318E-01 1.79464200559659570 -1.44052784553077484 0.145213253129598568
 55.0000000000000000 0.130654482023098706E-01 1.76784496337480568 -1.52480481413223479 0.156656151797690130
 60.0000000000000000 0.554370483290750338E-02 1.71468274329321524 -1.57153649643089377 0.164177895167092497
 75.0000000000000000 -0.198908133479888671E-02 1.57534394393554300 -1.78369783659962189 0.171710681334798887
 90.0000000000000000 -0.220620661174988908E-02 1.52663129630040584 -1.85713557767294302 0.171927806611749889
 180.000000000000000
 0.000000000000000000E+00 -0.225081900484033759E-02 1.52660378130636532 -1.85676294757193316 0.171972419004840338
 15.0000000000000000 -0.211378137677975531E-02 1.57542831032524755 -1.78330008709362420 0.171835381376779756
 30.0000000000000000 0.487867616122750203E-02 1.71583245882065349 -1.58257524175365072 0.164842923838772498
 35.0000000000000000 0.123516039611593631E-01 1.76466364383037932 -1.49832586618400221 0.157369996038840637
 40.0000000000000000 0.239204365376444184E-01 1.79635082832131276 -1.43640655518826987 0.145801163462355582
 45.0000000000000000 0.346118953012893860E-01 1.82166130281322380 -1.47478879441267030 0.135109704698710614
 50.0000000000000000 0.239204365376444184E-01 1.79635082832131276 -1.43640655518826987 0.145801163462355582
 55.0000000000000000 0.123516039611593631E-01 1.76466364383037932 -1.49832586618400221 0.157369996038840637
 60.0000000000000000 0.487867616122750203E-02 1.71583245882065349 -1.58257524175365072 0.164842923838772498
 75.0000000000000000 -0.211378137677975531E-02 1.57542831032524755 -1.78330008709362420 0.171835381376779756
 90.0000000000000000 -0.225081900484033759E-02 1.52660378130636532 -1.85676294757193316 0.171972419004840338

