 -0.100000000000000000 
 -0.100000000000000000 
 -0.100000000000000000 
 -0.128598835626206700 
 -0.324816005791672900 
 -0.411198608860300700 
 -0.431481932713590033     
 -0.437136450471235782     
 -0.442979631765901383     
 -0.449119284313519718     
 -0.455663215830023560     
 -0.462695654577762017     
 -0.470126562138395543     
 -0.477787793336981959     
 -0.485510834572313865     
 -0.493127172243183809     
 -0.500466433758636975     
 -0.507346516330737352     
 -0.513580754278181062     
 -0.518982471703468118     
 -0.523364992709098087     
 -0.526594379500288978     
 -0.528821942564342784     
 -0.530294991342254773     
 -0.531260907616800004     
 -0.531967073170753202     
 -0.532600000000000000 
 -0.533300000000000000 
 -0.534000000000000000 
 -0.534700000000000000 
 -0.100000000000000000 
 -0.100000000000000000 
 -0.100000000000000000 
 -0.100000000000000000 
 -0.100000000000000000 
 -0.128598835626206700 
 -0.324816005791672900 
 -0.411198608860300700 
 -0.437629009186426665     
 -0.463088837488607019     
 -0.487339759724632282     
 -0.509518271778438891     
 -0.528760869533963507     
 -0.544227799614382501     
 -0.555778895049840682     
 -0.564071118362485024     
 -0.569804795683397369     
 -0.573680253143660224     
 -0.576386924764237696     
 -0.578363726620599872     
 -0.579799057168955079     
 -0.580870422820640275     
 -0.581755329986992420     
 -0.582625965642537325     
 -0.583556732884311313     
 -0.584536216766427863     
 -0.585550088862531348     
 -0.586584020746266255 
 -0.587500000000000000 
 -0.588500000000000000 
dream2





