   1.312708788492907    
   0.3809050764862962    
  -7.7305900838397834E-02
  -0.3105393977900057    
  -0.4190078430624392    
  -0.4624882786503144    
  -0.4641108878825881    
  -0.4433844544755498    
  -0.4189742589705535    
  -0.3939088554385016    
  -0.3655192307571533    
  -0.3398461893766771    
  -0.3305883079492334    
  -0.3327085700157253    
  -0.3373094674439319    
  -0.3424620862660292    
  -0.3484249562303924    
  -0.3542982910150192    
  -0.3591334526297502    
  -0.3627005340093473    
  -0.3651667241649688    
  -0.3668374621607444    
  -0.3680629190766611    
  -0.3689787256551426    
  -0.3696370946983602    
  -0.3701027115322499    
  -0.3704303789080816    
  -0.3706602417047000    
  -0.3708209552743503    
  -0.3709329194877943    
    1.312708788492907    
   0.3809050764862962    
  -7.7305900838397834E-02
  -0.3105393977900057    
  -0.4190078430624392    
  -0.4624882786503144    
  -0.4641108878825881    
  -0.4433844544755498    
  -0.425
  -0.411
  -0.405
  -0.400
  -0.396
  -0.394
  -0.392
  -0.390
  -0.388
  -0.386
  -0.384
  -0.3815
  -0.380
  -0.379
  -0.378
  -0.377
  -0.376
  -0.375
  -0.374
  -0.373
  -0.372
  -0.3709
   0.4281122905220248    
   0.4191670420903503    
   0.5799671969049671    
dream





