2
9,10
  1.834 7.00  0.0  -130.12973 -0.15117 
  1.834 6.50  0.0  -130.12973 -0.15118 
  1.834 6.00  0.0  -130.12954 -0.15102 
  1.834 5.50  0.0  -130.12881 -0.15035 
  1.834 5.00  0.0  -130.12663 -0.14825  
  1.834 4.50  0.0  -130.12074 -0.14255  
  1.834 4.00  0.0  -130.10629 -0.12866 
  1.834 3.75  0.0  -130.09344 -0.11646  
  1.834 3.50  0.0  -130.07590 -0.10019  
  1.834 7.00 20.0  -130.12976 -0.15114 
  1.834 6.50 20.0  -130.12978 -0.15118 
  1.834 6.00 20.0  -130.12965 -0.15108 
  1.834 5.50 20.0  -130.12909 -0.15057 
  1.834 5.00 20.0  -130.12734 -0.14892  
  1.834 4.50 20.0  -130.12274 -0.14456  
  1.834 4.00 20.0  -130.11306 -0.13570  
  1.834 3.75 20.0  -130.10848 -0.13234  
  1.834 3.50 20.0  -130.11452 -0.14070  
  1.834 7.00 40.0  -130.12979 -0.15117 
  1.834 6.50 40.0  -130.12985 -0.15126 
  1.834 6.00 40.0  -130.12988 -0.15131 
  1.834 5.50 40.0  -130.12972 -0.15122 
  1.834 5.00 40.0  -130.12907 -0.15070  
  1.834 4.50 40.0  -130.12755 -0.14952  
  1.834 4.00 40.0  -130.12725 -0.15027  
  1.834 3.75 40.0  -130.13172 -0.15581  
  1.834 3.50 40.0  -130.14356 -0.16882  
  1.834 7.00 60.0  -130.12982 -0.15119 
  1.834 6.50 60.0  -130.12995 -0.15135 
  1.834 6.00 60.0  -130.13014 -0.15158 
  1.834 5.50 60.0  -130.13045 -0.15196 
  1.834 5.00 60.0  -130.13101 -0.15268  
  1.834 4.50 60.0  -130.13268 -0.15476  
  1.834 4.00 60.0  -130.13972 -0.16284  
  1.834 3.75 60.0  -130.14873 -0.17265  
  1.834 3.50 60.0  -130.16324 -0.18796  
  1.834 7.00 80.0  -130.12984 -0.15122 
  1.834 6.50 80.0  -130.13002 -0.15143 
  1.834 6.00 80.0  -130.13034 -0.15179 
  1.834 5.50 80.0  -130.13096 -0.15248 
  1.834 5.00 80.0  -130.13231 -0.15401  
  1.834 4.50 80.0  -130.13581 -0.15794  
  1.834 4.00 80.0  -130.14603 -0.16912  
  1.834 3.75 80.0  -130.15634 -0.18011  
  1.834 3.50 80.0  -130.17114 -0.19558  
  1.834 7.00 100.0  -130.12986 -0.15124 
  1.834 6.50 100.0  -130.13006 -0.15147 
  1.834 6.00 100.0  -130.13039 -0.15185 
  1.834 5.50 100.0  -130.13104 -0.15257 
  1.834 5.00 100.0  -130.13239 -0.15411  
  1.834 4.50 100.0  -130.13567 -0.15780  
  1.834 4.00 100.0  -130.14460 -0.16765  
  1.834 3.75 100.0  -130.15333 -0.17704  
  1.834 3.50 100.0  -130.16572 -0.19012  
  1.834 7.00 120.0  -130.12988 -0.15127 
  1.834 6.50 120.0  -130.13003 -0.15146 
  1.834 6.00 120.0  -130.13025 -0.15172 
  1.834 5.50 120.0  -130.13052 -0.15209 
  1.834 5.00 120.0  -130.13086 -0.15262  
  1.834 4.50 120.0  -130.13152 -0.15370  
  1.834 4.00 120.0  -130.13447 -0.15760  
  1.834 3.75 120.0  -130.13862 -0.16251  
  1.834 3.50 120.0  -130.14574 -0.17046  
  1.834 7.00 140.0  -130.12990 -0.15132 
  1.834 6.50 140.0  -130.12997 -0.15143 
  1.834 6.00 140.0  -130.12989 -0.15141 
  1.834 5.50 140.0  -130.12934 -0.15099 
  1.834 5.00 140.0  -130.12759 -0.14946  
  1.834 4.50 140.0  -130.12310 -0.14548  
  1.834 4.00 140.0  -130.11495 -0.13849  
  1.834 3.75 140.0  -130.11130 -0.13584  
  1.834 3.50 140.0  -130.11045 -0.13606  
  1.834 7.00 160.0  -130.12994 -0.15138 
  1.834 6.50 160.0  -130.12990 -0.15140 
  1.834 6.00 160.0  -130.12946 -0.15105 
  1.834 5.50 160.0  -130.12791 -0.14968 
  1.834 5.00 160.0  -130.12354 -0.14562  
  1.834 4.50 160.0  -130.11259 -0.13531  
  1.834 4.00 160.0  -130.08906 -0.11323  
  1.834 3.75 160.0  -130.07251 -0.09794  
  1.834 3.50 160.0  -130.05516 -0.08167  
  1.834 7.00 180.0  -130.12994 -0.15145  
  1.834 6.50 180.0  -130.12985 -0.15142  
  1.834 6.00 180.0  -130.12924 -0.15093  
  1.834 5.50 180.0  -130.12721 -0.14901  
  1.834 5.00 180.0  -130.12154 -0.14379  
  1.834 4.50 180.0  -130.10723 -0.13022  
  1.834 4.00 180.0  -130.07395 -0.09843  
  1.834 3.75 180.0  -130.04398 -0.06951  
  1.834 3.50 180.0  -129.99550 -0.02190   
 Infinity                
    415678.4357053435    
    159453.8563713824    
   0.0000000000000000E+00
   0.0000000000000000E+00
   0.0000000000000000E+00
   0.0000000000000000E+00
    10554.57023294724    
    13517.91223883274    
    10779.38668108815    
   0.0000000000000000E+00
    6592.241874641083    
    14618.19082973670    
    21363.17377853911    
    20538.63408259409    
    15783.41806955992    
    10500.62094427422    
    8726.797456367747    
    9234.273359962848    
    9488.741341063811    
    6810.942893945622    
    8114.757054560715    
   0.0000000000000000E+00
   0.0000000000000000E+00
    2213.160931084365    
   0.0000000000000000E+00
    12596.37951156506    
    9893.387981592132    
    7403.006074923796    
    5890.707388902245    
    4551.016133842554    
    3286.156212769297    
    2498.430547037151    
    2724.040211633281    
    982.7293043993669    
   0.0000000000000000E+00
   0.0000000000000000E+00
   0.0000000000000000E+00
   0.0000000000000000E+00
    982.4772510991558    
    1545.634468850459    
    1742.872371578076    
    959.0995241428516    
    1351.125459894604    
    780.9330863562146    
    321.9503502179477    
    522.2733801052105    
    857.0339557465521    
    1093.101425128451    
    1221.224341535229    
    1250.171122711998    
    1192.510471133571    
    1069.278550950178    
    916.4807353787302    
    787.3838035460192    
    560.2891351945658    
    481.0033348492240    
    430.8611469947339    
    387.3760753074330    
    345.5445106356942    
 Infinity                
    552568.2122972481    
    176479.4889419097    
   0.0000000000000000E+00
   0.0000000000000000E+00
    6344.291622722442    
    19017.62067608916    
    24196.38375780906    
    23270.75940130095    
    14309.11801195624    
   0.0000000000000000E+00
    14959.61601616495    
    23260.70087006075    
    22054.76747612602    
    16456.53607809035    
    9662.979469327305    
    7100.033686396998    
    9067.356590315185    
    9023.450097279272    
    3906.905199947643    
    97390.99450432671    
   0.0000000000000000E+00
    3380.169866187816    
   0.0000000000000000E+00
    317.7039004828169    
   0.0000000000000000E+00
    9188.528813010706    
    6579.623863514686    
    5035.812053207421    
    4413.821982869367    
    2892.089789394523    
    2113.510807990926    
    1202.159249096248    
   0.0000000000000000E+00
   0.0000000000000000E+00
   0.0000000000000000E+00
   0.0000000000000000E+00
   0.0000000000000000E+00
    864.2750506274594    
   0.0000000000000000E+00
    903.3465208736187    
    1542.115007476907    
    1331.029668771655    
    799.4956196744679    
    257.3426373824179    
    412.0648236710049    
    761.7110031460929    
    1008.584134845594    
    1147.951004626477    
    1189.170961979994    
    1143.855874462615    
    1031.215649253508    
    884.7007056863473    
    759.6037615642507    
    654.0846888260269    
    567.8730156935803    
    499.0063801238619    
    443.8763167563714    
    324.2167194189228    
    266.3214825246923    
 Infinity                
    687502.2963148468    
    233019.5689559395    
    126715.7299625083    
    20403.37525224183    
    31176.70689857474    
    38794.45221155175    
    28602.21431281935    
    21965.31599635380    
   0.0000000000000000E+00
    10992.80002929459    
    19094.84920075893    
    23081.80976524687    
    16847.98833909205    
    8752.109849314777    
    5885.434214148801    
    9098.947765668505    
    8650.699427364572    
    71463.37676654536    
   0.0000000000000000E+00
   0.0000000000000000E+00
    2867.028736715588    
    2912.892605644193    
    2369.010373800608    
   0.0000000000000000E+00
   0.0000000000000000E+00
    6202.628467381607    
    4499.691804925607    
    3562.181408529427    
    2412.965278609686    
    4073.561754784244    
    3808.943024775123    
    3349.046229149566    
   0.0000000000000000E+00
   0.0000000000000000E+00
   0.0000000000000000E+00
   0.0000000000000000E+00
   0.0000000000000000E+00
   0.0000000000000000E+00
    669.1538743401209    
    1420.217332490191    
    1310.305400741343    
    821.7956613507936    
    209.0911922640605    
    303.4439408262921    
    676.3873090347320    
    934.3300545604890    
    1083.848963540842    
    1136.113722304037    
    1102.758710586868    
    998.8522198159501    
    858.2463042224967    
    736.0521670624653    
    633.2120614250570    
    548.8633827878093    
    481.5605764990491    
    427.7280024967727    
    385.5389068963033    
    350.6830931485218    
    97.26869726804804    
 NaN                     
    518816.9158565541    
    191697.6428979623    
    88302.72733188007    
    52031.42520745836    
    37045.49494357074    
    34567.37088763343    
   0.0000000000000000E+00
   0.0000000000000000E+00
    8279.637443093105    
    19106.97667381999    
    19577.55220497619    
    17346.87560246684    
    7671.510899085943    
    5519.523664927174    
    10065.13318401028    
    8361.736410876612    
   0.0000000000000000E+00
   0.0000000000000000E+00
   0.0000000000000000E+00
    2470.680167571386    
    2629.089027954863    
    2326.295129924815    
    1342.255394905142    
   0.0000000000000000E+00
   0.0000000000000000E+00
    4096.531433766781    
    3746.276523886254    
    4541.173726818492    
    4005.631134727258    
    2335.237205837027    
    2213.723084279877    
    559.0640762413201    
   0.0000000000000000E+00
    2677.502497386246    
    2283.678899741393    
   0.0000000000000000E+00
   0.0000000000000000E+00
    339.3824742120598    
    1302.648120559410    
    1617.258618120493    
    845.7526826192769    
    183.4667787645141    
    182.7785965446270    
    598.3600174705896    
    868.2694871379585    
    1027.127911925159    
    1089.123547508834    
    1066.366282811691    
    971.5565999931341    
    835.7921620869087    
    716.0998786401915    
    615.2022211564067    
    532.5145656584352    
    466.4848398298808    
    413.7510226060324    
    372.6664121891488    
    339.2654089370570    
    359.3580371872386    
    294.9691430106677    
 NaN                     
    922289.4172419142    
    209500.7715430526    
    87961.78077472709    
    43137.20578437916    
    19316.57537144030    
   0.0000000000000000E+00
   0.0000000000000000E+00
   0.0000000000000000E+00
    18908.66247442319    
    19283.38141073876    
    19043.56642601926    
    2918.780952689403    
    5295.285022717991    
    2275.158639244697    
    64965.59110080953    
   0.0000000000000000E+00
   0.0000000000000000E+00
   0.0000000000000000E+00
    69475.82908880452    
    51872.11867105991    
    2200.170529848369    
   0.0000000000000000E+00
    698.1364935946066    
   0.0000000000000000E+00
   0.0000000000000000E+00
   0.0000000000000000E+00
    2085.204160234935    
    3285.174867347469    
    2301.605270537396    
    2109.027165534866    
    1122.605644655524    
   0.0000000000000000E+00
    2703.136566522644    
    2289.013909391359    
   0.0000000000000000E+00
   0.0000000000000000E+00
   0.0000000000000000E+00
    1186.216385298202    
    1544.221274461106    
    869.1411352175398    
    181.7026811275304    
   0.0000000000000000E+00
    526.1361979289585    
    808.3635031187114    
    976.4606608143844    
    1047.164192584432    
    1033.832377415447    
    947.5113943488223    
    817.0877393175288    
    698.9050053970642    
    599.7491228912399    
    518.1817268489488    
    453.2721830024702    
    401.4758622368723    
    361.3031861839339    
    329.1205168008135    
    350.1888871636652    
    297.9194726083260    
    122.4057332410476    
 NaN                     
    1391968.966289936    
    230190.5719465147    
    82664.76962603370    
    40317.45867768554    
   0.0000000000000000E+00
   0.0000000000000000E+00
   0.0000000000000000E+00
    22011.52907787432    
    22887.25292236738    
    3384.336310530191    
    2183.624847210317    
   0.0000000000000000E+00
   0.0000000000000000E+00
   0.0000000000000000E+00
   0.0000000000000000E+00
   0.0000000000000000E+00
    829.7183944059688    
   0.0000000000000000E+00
   0.0000000000000000E+00
   0.0000000000000000E+00
   0.0000000000000000E+00
   0.0000000000000000E+00
   0.0000000000000000E+00
   0.0000000000000000E+00
   0.0000000000000000E+00
   0.0000000000000000E+00
   0.0000000000000000E+00
    2139.893726503804    
    2006.026864839145    
    1140.317036228114    
   0.0000000000000000E+00
   0.0000000000000000E+00
   0.0000000000000000E+00
   0.0000000000000000E+00
   0.0000000000000000E+00
   0.0000000000000000E+00
    1062.433635767829    
    1473.033081808300    
    1545.929210375295    
    197.8915666838234    
   0.0000000000000000E+00
    458.1988310447579    
    753.7335070442335    
    930.2140603533629    
    1009.478677130420    
    1004.596895567367    
    925.9686198289450    
    800.7819364992556    
    684.4313196336165    
    586.2908340565730    
    505.7325653193251    
    441.5232016405089    
    390.5865591715806    
    351.1509908316465    
    319.9933453519278    
    340.9551692639831    
    299.6220261223974    
    143.5692603718005    
   0.0000000000000000E+00
 NaN                     
    2480291.389143215    
    252895.9135026510    
    87307.04190795081    
   0.0000000000000000E+00
   0.0000000000000000E+00
   0.0000000000000000E+00
    19555.93963540904    
    21702.06254117837    
    2841.664573098932    
    2201.761841675915    
    629.4545226954489    
    52179.54182826410    
   0.0000000000000000E+00
   0.0000000000000000E+00
   0.0000000000000000E+00
    3590.080527072521    
   0.0000000000000000E+00
   0.0000000000000000E+00
   0.0000000000000000E+00
   0.0000000000000000E+00
   0.0000000000000000E+00
   0.0000000000000000E+00
   0.0000000000000000E+00
   0.0000000000000000E+00
    1623.418460246655    
   0.0000000000000000E+00
   0.0000000000000000E+00
    1953.048078562540    
    1081.738402301287    
   0.0000000000000000E+00
   0.0000000000000000E+00
    484.6177467594947    
   0.0000000000000000E+00
   0.0000000000000000E+00
   0.0000000000000000E+00
    925.2479097219559    
    1396.572674453070    
    1498.540697900124    
    223.2291590897744    
   0.0000000000000000E+00
    393.6786866812120    
    703.2333962907164    
    887.8300270551773    
    974.8156038142229    
    978.1777245861556    
    906.6152791207948    
    786.3506700880258    
    671.6660107388877    
    574.8934375893376    
    494.7857837234510    
    431.2034721717419    
    380.7831830732190    
    342.0103916331349    
    311.6999478499765    
    331.6737721560393    
    300.3024668395413    
    159.7510854560291    
   0.0000000000000000E+00
   0.0000000000000000E+00
 NaN                     
 NaN                     
    269760.8011204043    
    62645.88121861821    
   0.0000000000000000E+00
   0.0000000000000000E+00
    16594.79159963942    
    19925.69891233629    
    2359.185824183985    
    2146.188197321645    
    35389.59340549025    
   0.0000000000000000E+00
   0.0000000000000000E+00
   0.0000000000000000E+00
   0.0000000000000000E+00
    6222.848977880594    
    1372.653768742538    
   0.0000000000000000E+00
    189.1282489622619    
   0.0000000000000000E+00
   0.0000000000000000E+00
   0.0000000000000000E+00
   0.0000000000000000E+00
   0.0000000000000000E+00
   0.0000000000000000E+00
    1678.423347585695    
   0.0000000000000000E+00
   0.0000000000000000E+00
    873.8741924962754    
   0.0000000000000000E+00
   0.0000000000000000E+00
    703.5332571336517    
   0.0000000000000000E+00
   0.0000000000000000E+00
   0.0000000000000000E+00
    769.0441191126517    
    1310.206661420195    
    1444.818519958792    
    251.4258561028649    
   0.0000000000000000E+00
    331.4109845228089    
    656.6281868952406    
    848.2818969987603    
    942.7546273064078    
    953.5226494777093    
    889.1617763291899    
    773.5982663310368    
    660.2523539169113    
    564.7737510880061    
    485.4590507105020    
    422.0354783400003    
    372.0869876026930    
    333.6733458117431    
    304.1212474789789    
    322.3739669997797    
    300.1811336393157    
    172.6092914611089    
   0.0000000000000000E+00
   0.0000000000000000E+00
   0.0000000000000000E+00
 NaN                     
 NaN                     
    298035.0943748039    
    49181.81879038631    
   0.0000000000000000E+00
    13973.66609538689    
    17771.05177282425    
    1925.253519167946    
    1613.259808512797    
    1244.564138041437    
   0.0000000000000000E+00
   0.0000000000000000E+00
   0.0000000000000000E+00
   0.0000000000000000E+00
    8593.447821075148    
    2998.832659712585    
   0.0000000000000000E+00
   0.0000000000000000E+00
    784.2941237726588    
    859.0735798867867    
   0.0000000000000000E+00
   0.0000000000000000E+00
    493.8297258087816    
   0.0000000000000000E+00
    705.2325586987907    
    850.3822076539216    
   0.0000000000000000E+00
   0.0000000000000000E+00
   0.0000000000000000E+00
   0.0000000000000000E+00
    805.2020896546182    
   0.0000000000000000E+00
   0.0000000000000000E+00
    1674.006000714988    
    1636.351695511601    
    1069.345584673827    
    1381.565436893090    
    1241.116507151648    
   0.0000000000000000E+00
    269.2586649085222    
    613.6059120891630    
    811.5161138602869    
    912.3921699363917    
    930.4695311746848    
    872.7558727741705    
    762.3249946483523    
    650.0873743502150    
    555.6795120240655    
    477.1221209782314    
    414.1558531791916    
    364.2954958884884    
    326.1983350781218    
    297.1152271391225    
    313.1085006574864    
    299.4040052928300    
    183.0312111555629    
   0.0000000000000000E+00
   0.0000000000000000E+00
   0.0000000000000000E+00
   0.0000000000000000E+00
 NaN                     
 NaN                     
    291697.6051813790    
    42836.98616643634    
    15123.71904532926    
    15718.62147670222    
    714.6134369285481    
    699.4018815745751    
   0.0000000000000000E+00
    3447.674623175431    
   0.0000000000000000E+00
   0.0000000000000000E+00
   0.0000000000000000E+00
    10697.75697244275    
    5622.236360497309    
   0.0000000000000000E+00
   0.0000000000000000E+00
   0.0000000000000000E+00
    528.7207288400534    
    271.8466025507274    
    121.1654276627846    
    661.2523137993119    
    600.4556950100907    
    195.3441734015400    
    753.0703323635681    
   0.0000000000000000E+00
    609.9924776490526    
   0.0000000000000000E+00
   0.0000000000000000E+00
   0.0000000000000000E+00
   0.0000000000000000E+00
   0.0000000000000000E+00
   0.0000000000000000E+00
    1558.782574940634    
    1507.172746670303    
    1172.103027745804    
    1202.784989558864    
   0.0000000000000000E+00
    204.4313779016241    
    572.8954519186010    
    777.3595968244601    
    883.8190463215868    
    908.2442405488728    
    857.3200712199149    
    751.8291443058956    
    641.0504752796204    
    547.5603464685375    
    469.5923495793834    
    407.0650379177109    
    357.5540011482011    
    319.4377173041995    
    290.7666845227893    
    303.8744864641842    
    298.0360997503196    
    191.5657283708944    
   0.0000000000000000E+00
   0.0000000000000000E+00
   0.0000000000000000E+00
   0.0000000000000000E+00
   0.0000000000000000E+00
 NaN                     
 NaN                     
    264314.1540952346    
    34140.35854905411    
    15455.22971508029    
    10990.08656583184    
   0.0000000000000000E+00
   0.0000000000000000E+00
    77691.10033750345    
   0.0000000000000000E+00
   0.0000000000000000E+00
   0.0000000000000000E+00
    12644.60256102838    
    4368.158462251621    
   0.0000000000000000E+00
   0.0000000000000000E+00
   0.0000000000000000E+00
   0.0000000000000000E+00
    370.3934621058201    
    853.7741140394593    
    918.0276564254311    
    840.9491321300399    
    622.9238716147802    
    516.9708742774677    
    380.0135573719718    
   0.0000000000000000E+00
    984.4291417365778    
   0.0000000000000000E+00
   0.0000000000000000E+00
   0.0000000000000000E+00
   0.0000000000000000E+00
   0.0000000000000000E+00
   0.0000000000000000E+00
    1396.905983046805    
    1330.791960374600    
    1146.940401198355    
    1014.700764900655    
    128.8288180039602    
    534.3891173261374    
    744.4177045955546    
    856.9981644432410    
    887.0213931603433    
    842.1914518399839    
    742.0570921883939    
    632.5884928649602    
    540.3426512419037    
    462.8506517948624    
    400.6295148132000    
    351.4519674553842    
    313.5416864800232    
    284.9696278497837    
    294.8656489949270    
    296.1359636325776    
    198.5956145266699    
   0.0000000000000000E+00
   0.0000000000000000E+00
   0.0000000000000000E+00
   0.0000000000000000E+00
   0.0000000000000000E+00
   0.0000000000000000E+00
 NaN                     
 NaN                     
    208474.7213615953    
    16693.23076790191    
    10448.90488977842    
    2314.840815900299    
   0.0000000000000000E+00
   0.0000000000000000E+00
   0.0000000000000000E+00
   0.0000000000000000E+00
    1742.604928788843    
    14910.00638326029    
   0.0000000000000000E+00
   0.0000000000000000E+00
   0.0000000000000000E+00
   0.0000000000000000E+00
    322.7934723407307    
    802.2661559426294    
    784.3029586475484    
    1119.318774496076    
    1125.297039791034    
    2600.109738255108    
   0.0000000000000000E+00
    404.4444398215818    
    187.3790814373921    
    537.5650909619792    
    744.0206323807321    
   0.0000000000000000E+00
   0.0000000000000000E+00
   0.0000000000000000E+00
   0.0000000000000000E+00
   0.0000000000000000E+00
    499.1299328029044    
    1187.961370863661    
    1110.913115780285    
    950.3249753718848    
   0.0000000000000000E+00
    495.8477812368744    
    712.7232921640737    
    830.4792680322395    
    866.8418093095852    
    827.5655086641862    
    732.4379779555725    
    624.6854670217332    
    533.5789737291202    
    456.8540502322195    
    394.8505574183996    
    345.8904485722207    
    308.1679994731446    
    279.8783146705680    
    286.0330739174219    
    293.9549579326744    
    204.3642092194194    
   0.0000000000000000E+00
   0.0000000000000000E+00
   0.0000000000000000E+00
   0.0000000000000000E+00
   0.0000000000000000E+00
   0.0000000000000000E+00
    27.50561261394635    
 NaN                     
 NaN                     
    39053.08463007726    
    12407.15508896052    
    6144.439921382193    
    2820.791492463037    
   0.0000000000000000E+00
   0.0000000000000000E+00
   0.0000000000000000E+00
    4173.707748624261    
    14974.58178553189    
   0.0000000000000000E+00
   0.0000000000000000E+00
   0.0000000000000000E+00
   0.0000000000000000E+00
    926.9188733535722    
    1282.862886213971    
    856.9295929107763    
    1018.709766817367    
    1018.479650668257    
    4471.305860980083    
    620.5213109571796    
   0.0000000000000000E+00
    182.8546548022535    
    418.1389288027004    
    673.1533039850843    
    457.0347082336418    
    535.5487077644469    
   0.0000000000000000E+00
   0.0000000000000000E+00
    555.9423063169087    
    342.7850459329287    
    881.3268045470994    
    1017.031607397142    
    898.1617110165083    
    792.6478683550185    
    456.3578667772201    
    679.3510868509261    
    804.3795782401969    
    846.3007442814143    
    813.5107709735048    
    723.1350902128116    
    616.8838077904070    
    527.2726072955852    
    451.2426570481143    
    389.7060518999887    
    340.8840288387879    
    303.2442710127110    
    275.2036083257236    
    270.4452904202844    
    291.5291152771500    
    209.1908249420955    
   0.0000000000000000E+00
   0.0000000000000000E+00
   0.0000000000000000E+00
   0.0000000000000000E+00
   0.0000000000000000E+00
   0.0000000000000000E+00
    28.02888043182292    
    14.20999564228133    
 NaN                     
 NaN                     
    31044.65606890093    
    6318.388009187570    
    6140.244813933740    
    1818.238074048867    
   0.0000000000000000E+00
   0.0000000000000000E+00
    5228.267416096664    
    15367.73856358428    
   0.0000000000000000E+00
   0.0000000000000000E+00
   0.0000000000000000E+00
   0.0000000000000000E+00
    1155.052656876770    
    1862.841990826123    
    1463.253100950324    
    1033.276754890258    
    580.0106830984167    
    346.9478225457530    
    239.6500002837106    
    1268.704306590880    
   0.0000000000000000E+00
    178.2426736825831    
    521.1071461484478    
    684.0914395593699    
    240.3617930674411    
   0.0000000000000000E+00
   0.0000000000000000E+00
   0.0000000000000000E+00
   0.0000000000000000E+00
    815.3875727859798    
    969.4261852333847    
    880.9361045688069    
    749.0989409673314    
    399.8448906612910    
    642.9287549377843    
    775.4377942890731    
    825.5637637390026    
    798.7286026824869    
    714.1994142147950    
    609.3516531680327    
    521.0502657412746    
    446.0327027866390    
    384.9014346220029    
    336.4252125877453    
    298.7953996136395    
    270.8941760663822    
    252.0436012988321    
    289.1372983665863    
    213.2149076798026    
   0.0000000000000000E+00
   0.0000000000000000E+00
   0.0000000000000000E+00
   0.0000000000000000E+00
   0.0000000000000000E+00
   0.0000000000000000E+00
    28.54274519677779    
    14.61432642569917    
    7.294716563693148    
 NaN                     
    489700.8701810844    
    13303.79538771628    
    4761.463108632664    
    2772.612180492841    
    1539.728404398799    
   0.0000000000000000E+00
    5461.743615038356    
    15143.47583336902    
   0.0000000000000000E+00
   0.0000000000000000E+00
   0.0000000000000000E+00
   0.0000000000000000E+00
    2049.045509342125    
    2433.358725802547    
    1943.865824222075    
    1203.878521321943    
    859.0196797886648    
   0.0000000000000000E+00
   0.0000000000000000E+00
   0.0000000000000000E+00
   0.0000000000000000E+00
   0.0000000000000000E+00
    237.7519055373771    
    552.4766375322450    
    501.9337437361927    
   0.0000000000000000E+00
   0.0000000000000000E+00
   0.0000000000000000E+00
   0.0000000000000000E+00
    779.7804589392273    
    916.1292224293755    
    845.9675345348764    
    745.1708317191020    
    377.9376573558986    
    530.2649616484566    
    742.0328277419322    
    801.3041247490546    
    783.3828085737958    
    704.4740839871374    
    602.1598204055260    
    515.0506316664290    
    440.9182675253911    
    380.4613648798344    
    332.2699858531139    
    294.8253933668167    
    266.9847048878829    
    245.8319573252001    
    286.5838955433936    
    216.7300164863080    
   0.0000000000000000E+00
   0.0000000000000000E+00
   0.0000000000000000E+00
   0.0000000000000000E+00
   0.0000000000000000E+00
   0.0000000000000000E+00
    29.05149729757841    
    15.03577810613930    
    7.675958661191180    
    4.501539182943624    
 NaN                     
    101489.6762993896    
    4176.157075691958    
    3974.338697491371    
    2025.126425303665    
    1208.268838803093    
    4643.266403718372    
    14354.88405647449    
   0.0000000000000000E+00
    22529.73867103407    
   0.0000000000000000E+00
   0.0000000000000000E+00
    2493.893297245745    
    2973.656505128202    
    2384.817098153402    
    1429.598625612200    
    761.5560720904734    
    549.2938412665872    
   0.0000000000000000E+00
    574.2063708655096    
    12.26965107499379    
   0.0000000000000000E+00
   0.0000000000000000E+00
    238.2041494523992    
    202.0212191527883    
   0.0000000000000000E+00
   0.0000000000000000E+00
   0.0000000000000000E+00
   0.0000000000000000E+00
    712.1444629262975    
    872.1668559892313    
    838.1118118142786    
    717.7245988786850    
   0.0000000000000000E+00
    508.6148379698349    
    617.8518861064592    
    697.7657580466538    
    764.3086828362185    
    694.0775319242172    
    594.3186694872446    
    509.3226293539655    
    436.0231991535041    
    376.1337484421841    
    328.4489801754473    
    291.1300219832211    
    263.4902146972142    
    242.4918364574746    
    283.8976568663191    
    219.6633957616450    
   0.0000000000000000E+00
   0.0000000000000000E+00
   0.0000000000000000E+00
   0.0000000000000000E+00
   0.0000000000000000E+00
   0.0000000000000000E+00
    29.55959475638402    
    15.48231969365397    
    8.104754509335105    
    4.948305813432484    
    3.814138389677822    
 NaN                     
    36995.03619497226    
    6709.002045949108    
    2478.428725854961    
    1414.502787102016    
   0.0000000000000000E+00
    13122.47680393025    
   0.0000000000000000E+00
    29567.69827611606    
   0.0000000000000000E+00
   0.0000000000000000E+00
    3377.068110050137    
    3510.951773993535    
    2820.274810774078    
    1645.594708943244    
    719.5379149240273    
   0.0000000000000000E+00
    162.1721458649616    
    513.3234259447046    
    267.1564111705349    
   0.0000000000000000E+00
   0.0000000000000000E+00
   0.0000000000000000E+00
   0.0000000000000000E+00
   0.0000000000000000E+00
   0.0000000000000000E+00
   0.0000000000000000E+00
    1094.608893647178    
   0.0000000000000000E+00
    825.0307252126820    
    772.5987625394162    
    704.5700392481996    
    605.0180296673675    
    469.8977193981962    
    589.4402167476139    
    652.6914113177427    
    678.7512517727936    
    667.8126587065735    
    585.9123762787017    
    503.0421946586162    
    431.3906491984637    
    372.0307097387082    
    324.7527297520803    
    287.7451703768156    
    260.2359021928468    
    239.4973085428520    
    281.1832047961340    
    222.0881978081453    
    38.62135475454939    
   0.0000000000000000E+00
   0.0000000000000000E+00
   0.0000000000000000E+00
   0.0000000000000000E+00
   0.0000000000000000E+00
    30.07407963349532    
    15.96337569087150    
    8.592771614129223    
    5.462272173233155    
    4.310816740363757    
    3.768460052251251    
 NaN                     
    20890.88341569091    
    3079.802903359383    
    1334.770188908523    
   0.0000000000000000E+00
    13431.92017076114    
   0.0000000000000000E+00
   0.0000000000000000E+00
   0.0000000000000000E+00
   0.0000000000000000E+00
    3498.256707848052    
    4033.716425267236    
    3256.517239534825    
    1881.460850731239    
    660.8762371872564    
   0.0000000000000000E+00
   0.0000000000000000E+00
    381.6009603556674    
    162.8868883727702    
   0.0000000000000000E+00
   0.0000000000000000E+00
   0.0000000000000000E+00
   0.0000000000000000E+00
   0.0000000000000000E+00
   0.0000000000000000E+00
   0.0000000000000000E+00
   0.0000000000000000E+00
   0.0000000000000000E+00
   0.0000000000000000E+00
    739.7758557475742    
    681.8663328182325    
    595.4887187706120    
    426.2158639631093    
    558.5855456362360    
    620.9085710102669    
    641.2511741546791    
    623.3799673601528    
    568.9037550639631    
    503.8651196809211    
    426.3218213048559    
    368.1934971821530    
    321.2848126278996    
    284.4957926032700    
    257.2613785736276    
    236.6996800972248    
    278.5140665248205    
    224.1281702315401    
    59.65180479400417    
   0.0000000000000000E+00
   0.0000000000000000E+00
   0.0000000000000000E+00
   0.0000000000000000E+00
   0.0000000000000000E+00
    30.60652425999607    
    16.49135656184898    
    9.153282454569778    
    6.054292630226964    
    4.877960657350067    
    4.284847807798159    
    3.845734544798437    
 NaN                     
    60663.35383533157    
   0.0000000000000000E+00
   0.0000000000000000E+00
    11775.93430617733    
   0.0000000000000000E+00
   0.0000000000000000E+00
   0.0000000000000000E+00
   0.0000000000000000E+00
    3730.019090643741    
    4480.371820460690    
    3684.464699307922    
    2129.570220699884    
    561.6046289113286    
   0.0000000000000000E+00
   0.0000000000000000E+00
    262.7711568786683    
   0.0000000000000000E+00
   0.0000000000000000E+00
   0.0000000000000000E+00
   0.0000000000000000E+00
   0.0000000000000000E+00
   0.0000000000000000E+00
   0.0000000000000000E+00
   0.0000000000000000E+00
   0.0000000000000000E+00
   0.0000000000000000E+00
   0.0000000000000000E+00
    3528.157366873796    
    636.7662996723599    
    577.1808199165256    
    423.5394864426048    
    531.5206571188589    
    597.6061638166202    
    621.3697614568289    
    583.2844850060675    
    534.1300158371835    
    472.9546535089493    
    419.4183319471356    
    368.5960496089030    
    318.0864162609861    
    281.4813080153321    
    254.4189217910399    
    234.1447592387013    
    275.7570001050358    
    225.8789250625144    
    74.03768674271447    
   0.0000000000000000E+00
   0.0000000000000000E+00
   0.0000000000000000E+00
   0.0000000000000000E+00
   0.0000000000000000E+00
    31.16627490804703    
    17.08312533425869    
    9.802033466800708    
    6.736370696404627    
    5.525658034084183    
    4.872756087507672    
    4.375347193917697    
    6.875280209989968    
 NaN                     
   0.0000000000000000E+00
   0.0000000000000000E+00
    9293.160780943499    
   0.0000000000000000E+00
   0.0000000000000000E+00
   0.0000000000000000E+00
   0.0000000000000000E+00
    3806.664243222553    
    4720.465802240305    
    3896.448127855177    
    2372.920066869050    
    368.8891127586605    
   0.0000000000000000E+00
   0.0000000000000000E+00
    193.8251724158043    
   0.0000000000000000E+00
   0.0000000000000000E+00
   0.0000000000000000E+00
   0.0000000000000000E+00
   0.0000000000000000E+00
   0.0000000000000000E+00
   0.0000000000000000E+00
   0.0000000000000000E+00
   0.0000000000000000E+00
   0.0000000000000000E+00
   0.0000000000000000E+00
    526.6492565955565    
    460.3870870616532    
    521.1715259147338    
    423.9709503567800    
    513.9937888148359    
    576.1101079853235    
    594.0600667411767    
    574.2960253440521    
    504.3276682774403    
    447.3623989743954    
    397.4242548114264    
    354.3668906047949    
    312.7289918222955    
    277.5983256652592    
    251.8072401404671    
    67.04244878998723    
   0.0000000000000000E+00
   0.0000000000000000E+00
   0.0000000000000000E+00
   0.0000000000000000E+00
   0.0000000000000000E+00
   0.0000000000000000E+00
   0.0000000000000000E+00
   0.0000000000000000E+00
    31.78867922245227    
    17.75695721360632    
    10.18781097581593    
    9.109664276417773    
    10.35266561244649    
    9.913186119524376    
    8.948360903736580    
    8.080267325826627    
    7.298139525973746    
 Infinity                
    21177.09549441201    
    9998.867719077180    
   0.0000000000000000E+00
   0.0000000000000000E+00
   0.0000000000000000E+00
   0.0000000000000000E+00
    3751.849879384118    
    4778.451816470669    
    4080.876332351861    
    2410.302376298192    
   0.0000000000000000E+00
   0.0000000000000000E+00
    182.3013918500473    
    103.4786306904904    
   0.0000000000000000E+00
   0.0000000000000000E+00
   0.0000000000000000E+00
   0.0000000000000000E+00
   0.0000000000000000E+00
   0.0000000000000000E+00
   0.0000000000000000E+00
   0.0000000000000000E+00
   0.0000000000000000E+00
   0.0000000000000000E+00
   0.0000000000000000E+00
   0.0000000000000000E+00
    937.8922219726514    
    518.9143426823647    
    540.0298149396784    
    504.4466680410953    
    556.9204373359443    
    579.0614303370678    
    547.4453258874724    
    498.0317301241319    
    422.3817263498004    
    375.9852388965757    
    335.6562262584735    
    299.8256851832953    
    265.7880045173457    
    184.4359003365387    
    72.62565563242627    
   0.0000000000000000E+00
   0.0000000000000000E+00
   0.0000000000000000E+00
   0.0000000000000000E+00
   0.0000000000000000E+00
    24.91175545660306    
    20.80246605984690    
    23.17717896237056    
    19.25259709115322    
    16.76730740194023    
    14.97461022340046    
    13.47960345322632    
    12.15938309398896    
    11.36194753109638    
    10.38343991729421    
    9.503231029320606    
    8.583802596264617    
    7.754664400743939    
 NaN                     
    16676.82031139325    
    3867.454885025662    
   0.0000000000000000E+00
   0.0000000000000000E+00
   0.0000000000000000E+00
    3604.210678599950    
    4667.230424202477    
    4121.034253756074    
    2514.172605007293    
   0.0000000000000000E+00
   0.0000000000000000E+00
   0.0000000000000000E+00
   0.0000000000000000E+00
   0.0000000000000000E+00
   0.0000000000000000E+00
    91.85313418813789    
    399.5761079432262    
   0.0000000000000000E+00
   0.0000000000000000E+00
   0.0000000000000000E+00
   0.0000000000000000E+00
   0.0000000000000000E+00
   0.0000000000000000E+00
   0.0000000000000000E+00
   0.0000000000000000E+00
   0.0000000000000000E+00
    128.4713964744749    
    524.8800195276697    
    531.5956631069696    
    541.0552561694357    
    556.5736405445281    
    540.2642955956381    
    480.1360984235729    
    424.6979541705610    
    355.3055391574020    
    317.9301105738008    
    283.7688855861128    
    201.8043888751263    
    182.3134116022379    
    160.3154009979071    
   0.0000000000000000E+00
   0.0000000000000000E+00
   0.0000000000000000E+00
   0.0000000000000000E+00
    12.12399541866360    
    31.18371360482263    
    27.96354013712050    
    26.87849354833759    
    23.35124200472475    
    20.78002058797014    
    18.66120873965018    
    16.65140823072347    
    15.02120189792783    
    13.55770838323913    
    12.24249512776557    
    11.05818512048086    
    9.990715759645063    
    8.921282267073321    
    8.063821287313152    
 NaN                     
    6645.512252222581    
   0.0000000000000000E+00
   0.0000000000000000E+00
   0.0000000000000000E+00
    3323.971460926771    
    4396.254331676015    
    4017.037498806882    
    2542.643164163628    
   0.0000000000000000E+00
   0.0000000000000000E+00
   0.0000000000000000E+00
   0.0000000000000000E+00
   0.0000000000000000E+00
   0.0000000000000000E+00
    334.3939008256527    
    558.7670785341395    
    608.0743468297196    
   0.0000000000000000E+00
   0.0000000000000000E+00
   0.0000000000000000E+00
   0.0000000000000000E+00
   0.0000000000000000E+00
    263.5746019748987    
    769.9667699129708    
    5953.853411618948    
   0.0000000000000000E+00
    96.31256207977556    
    506.2983101978604    
    499.9629178617615    
    540.4935830331705    
    522.5317647041280    
    480.0081704898747    
    426.3176382452760    
    359.7127003073354    
    301.1263093807595    
    213.9552043607641    
    197.4687053945654    
    180.1583037799834    
    159.4856640366971    
    105.3829605388533    
   0.0000000000000000E+00
   0.0000000000000000E+00
   0.0000000000000000E+00
    26.59273911311675    
    37.28725643220346    
    37.13342112227932    
    31.35914222985032    
    27.50841523710617    
    24.55016920096444    
    22.04280398412784    
    19.85187693632728    
    17.90027425679285    
    16.15667955959587    
    14.45290237534167    
    13.05524222802683    
    11.79508151256437    
    10.52684324732155    
    9.514746199211841    
    8.464833217876770    
 Infinity                
   0.0000000000000000E+00
   0.0000000000000000E+00
   0.0000000000000000E+00
    2735.203061864455    
    3916.285544513724    
    3739.213044155809    
    2470.650397489017    
   0.0000000000000000E+00
   0.0000000000000000E+00
   0.0000000000000000E+00
   0.0000000000000000E+00
    24034.87592858904    
   0.0000000000000000E+00
    416.2642437783999    
    649.2216715484611    
    749.6520306249710    
    488.5744145504596    
    3034.608797496919    
   0.0000000000000000E+00
   0.0000000000000000E+00
   0.0000000000000000E+00
    307.4946193343007    
    462.4910357977975    
    895.0340042033528    
    7631.019289944204    
    409.1933868629524    
   0.0000000000000000E+00
    468.4359964302647    
    451.5696150554862    
    507.7816685081683    
    464.8167551231716    
    412.1813369683730    
    368.3267491456103    
    239.5334284714259    
    208.7429283523862    
    192.8600726427574    
    177.4740312259925    
    158.2250955210533    
    108.2359765083539    
   0.0000000000000000E+00
   0.0000000000000000E+00
   0.0000000000000000E+00
    37.98115455768036    
    44.21812461249274    
    42.73852761595219    
    36.80797884834993    
    32.37842567347356    
    28.96956245196468    
    26.03304425207722    
    23.43447189511508    
    21.13308265453493    
    19.07282683424973    
    17.06424601673822    
    15.41725069601249    
    13.93220626917867    
    12.43200461137914    
    11.23781034325034    
    9.994006174312199    
    8.853704751224130    
 Infinity                
   0.0000000000000000E+00
   0.0000000000000000E+00
    657.4263290856848    
    3004.144196114927    
    3198.278370826582    
    2204.637110586353    
   0.0000000000000000E+00
   0.0000000000000000E+00
    123.8607199061524    
   0.0000000000000000E+00
   0.0000000000000000E+00
    146.9550133364848    
    455.6192921143971    
    688.7669580843010    
    841.3225001838846    
    654.8058135336200    
   0.0000000000000000E+00
    15726.49711679464    
   0.0000000000000000E+00
   0.0000000000000000E+00
    321.3702029829653    
    480.6918053074679    
    651.1828095321766    
    10165.04776388771    
    8507.845472681469    
    5831.876647013004    
   0.0000000000000000E+00
    418.9540309034947    
    479.6180524907620    
    444.7291104659959    
    394.1941743782856    
    352.6966412589452    
    237.3817678256081    
    213.6746397808003    
    189.6240794679638    
    174.7556617516096    
    157.4404475016273    
    110.3173289824483    
   0.0000000000000000E+00
   0.0000000000000000E+00
   0.0000000000000000E+00
    50.12149495343279    
    51.88753323819976    
    49.18637442017580    
    42.91800338171466    
    38.18516010220300    
    34.03441301497529    
    30.62580560041086    
    27.59320057073863    
    24.87981413431198    
    22.46526207390314    
    20.29682031527871    
    18.17765497400685    
    16.43522326024242    
    14.67186200327936    
    13.26781984079033    
    11.80101054649722    
    10.45427407292826    
    9.454204050950306    
 Infinity                
   0.0000000000000000E+00
    2581.094206490932    
   0.0000000000000000E+00
    2024.711986114308    
    1511.484326587504    
   0.0000000000000000E+00
   0.0000000000000000E+00
    157.8933011635446    
    158.6630216188321    
   0.0000000000000000E+00
    228.2657385334673    
    485.1497788828379    
    709.8626614364474    
    886.7137741035722    
    785.9160206499121    
   0.0000000000000000E+00
    20701.86273334020    
    20649.90844533727    
    14113.57691518990    
    291.1855442794962    
    483.1000683186290    
    541.6993537044282    
    916.2405657438878    
    10883.26749606782    
    8927.630705053101    
    5733.757251929536    
   0.0000000000000000E+00
    11896.05930402446    
    406.4592242663585    
    384.7834955980802    
    344.6302568680584    
    249.5727958235314    
    213.3644269856494    
    192.3899693298637    
    173.3201751156980    
    156.7151043181758    
    114.1269708793897    
    26.28702196464865    
   0.0000000000000000E+00
   0.0000000000000000E+00
   0.0000000000000000E+00
    60.43091500481849    
    56.24312792605959    
    49.58321806471860    
    44.35002347226020    
    39.88756665616301    
    35.95959052921183    
    32.45210128076899    
    29.30033488139609    
    26.30688628699747    
    23.79164136330916    
    21.33178772722762    
    19.30956717380298    
    17.26068653514363    
    15.62214353740499    
    13.90993415313998    
    12.58671787191540    
    11.15817198394571    
    9.845745947172968    
 Infinity                
    2669.671185012836    
    3141.731278461724    
   0.0000000000000000E+00
   0.0000000000000000E+00
   0.0000000000000000E+00
   0.0000000000000000E+00
   0.0000000000000000E+00
    153.1263143071032    
   0.0000000000000000E+00
    285.4446329067218    
    509.0893076620298    
    730.2359645221075    
    917.5330089897739    
    876.7506665906271    
   0.0000000000000000E+00
   0.0000000000000000E+00
    24410.18213500590    
    16521.85397666539    
    15470.41406989255    
    462.9988366578609    
    538.0520599120081    
    13427.69257720197    
    971.7781477754531    
    11166.16275373365    
    9037.809542359806    
   0.0000000000000000E+00
   0.0000000000000000E+00
    6748.687825950133    
    362.9294210047875    
    341.0604072339459    
    264.0084332305514    
    215.4276691329540    
    193.6496384766480    
    173.9157868832188    
    157.0188289743531    
    117.9444450344488    
    49.73966881785022    
   0.0000000000000000E+00
   0.0000000000000000E+00
   0.0000000000000000E+00
    42.32807247845872    
    63.51674006328869    
    56.45723774402346    
    50.75070925400252    
    45.80981621927575    
    41.39869549337886    
    37.44573907291822    
    33.88721011151766    
    30.67258954072119    
    27.62028728974719    
    25.03045481727003    
    22.50283752485240    
    20.17080994939895    
    18.28171621744224    
    16.31708685465626    
    14.78166094725460    
    13.12981888957854    
    11.60572160769803    
    10.50379322584498    
 Infinity                
    3246.167129022555    
    2780.550789533331    
   0.0000000000000000E+00
   0.0000000000000000E+00
   0.0000000000000000E+00
   0.0000000000000000E+00
    25059.15720488067    
   0.0000000000000000E+00
    280.7814823560590    
    530.1314723597297    
    752.2307390333142    
    950.3322049390831    
    950.7246455100087    
   0.0000000000000000E+00
   0.0000000000000000E+00
    19585.55385660338    
    26531.39863961400    
    17524.25226907022    
    16157.34476554880    
    518.8981959098908    
    554.4907320910673    
    13654.92098155522    
    1003.791238816286    
    11134.01963593404    
    8701.326275133886    
   0.0000000000000000E+00
   0.0000000000000000E+00
   0.0000000000000000E+00
    330.7980038140669    
    304.6529017235055    
    233.4718563175093    
    196.6165955021998    
    176.3092414777609    
    158.7864578968391    
    122.0734678250200    
    65.27059225913810    
   0.0000000000000000E+00
   0.0000000000000000E+00
    33.80333661092227    
    53.71592518820649    
    57.52892752837155    
    63.13128925609121    
    57.08969078639227    
    51.62841031783399    
    46.82474454463117    
    42.47177051358086    
    38.54254676079353    
    34.98690009413694    
    31.75988112773731    
    28.70495135376532    
    25.90126596227340    
    23.53018884399934    
    21.16934112208181    
    18.97013121824017    
    17.21658742303408    
    15.34974477849494    
    13.61604412147090    
    12.33721144651304    
    10.87377765990509    
 Infinity                
    2923.570767797659    
    1791.724709874531    
   0.0000000000000000E+00
   0.0000000000000000E+00
    7117.283801012448    
    4869.654694834913    
    2454.498269286650    
   0.0000000000000000E+00
    531.6104671491236    
    773.5986836026486    
    987.2910735793602    
    1023.045391825470    
    160.9136971367695    
   0.0000000000000000E+00
   0.0000000000000000E+00
    20696.45444407229    
    27588.15664253806    
    17959.90671310041    
    16352.25761675792    
    535.2400251452758    
    20717.39951542364    
    13539.25578896004    
    1004.362922179353    
    10448.70635998306    
    7699.831094445160    
   0.0000000000000000E+00
    82.75037652517669    
   0.0000000000000000E+00
    301.9057266220084    
    262.4536752685362    
    203.9245118511301    
    179.7867903696446    
    159.6568948782290    
    126.5432921024618    
    77.00694824346363    
    24.43176415059216    
    22.04058352260818    
    50.87360924657094    
    63.72242674368761    
    65.64474515952894    
    61.36329718207268    
    62.63055016963268    
    57.01720724679419    
    51.90807426319936    
    47.19772265220290    
    42.96011590807695    
    39.11731881521609    
    35.62497457171222    
    32.34234592804276    
    29.44660989962277    
    26.69271406705055    
    24.13338074001282    
    21.75232256637221    
    19.79153617636741    
    17.74601463643960    
    16.12554467520356    
    14.37146255436106    
    12.73387647374947    
    11.54315782299234    
 Infinity                
    1936.541762193226    
   0.0000000000000000E+00
   0.0000000000000000E+00
    11355.19003707828    
    7280.500646580190    
    5197.836107297097    
    1612.792417565031    
    427.7228889344252    
    792.4991673353240    
    1028.287020467782    
    1096.310111130092    
    496.3755910279291    
   0.0000000000000000E+00
    23330.71996602231    
   0.0000000000000000E+00
    21143.35506230623    
    27872.54270382578    
    17947.37377096635    
    16172.26270717694    
   0.0000000000000000E+00
    20036.22110940556    
    12617.89710348259    
    914.4535783426932    
    8824.763526161098    
    157.7007051606846    
   0.0000000000000000E+00
    147.2090812062499    
   0.0000000000000000E+00
    273.5197514127454    
    232.5974721572107    
    186.8385240627071    
    163.1786378498260    
    105.6193811313630    
   0.0000000000000000E+00
    48.18053681280039    
    45.64043137398034    
    62.49125183099061    
    72.39582378210437    
    72.93538431505480    
    68.26877214580205    
    61.94694247042838    
    61.46232867134587    
    56.17937838680965    
    51.32585459474344    
    46.89092378532354    
    42.82884056473987    
    33.78319189722482    
    30.57709761521709    
    26.95133877830757    
    29.67368961032661    
    26.98964458401187    
    24.64944771697508    
    22.35035796440564    
    20.18696581078590    
    18.39745670828480    
    16.51953043041435    
    15.02878327337868    
    13.40069956836231    
    12.16945417517007    
 Infinity                
    675.9363428577927    
   0.0000000000000000E+00
    9039.196169058321    
    11174.35600389644    
    7632.556089463517    
    5444.997614586981    
    1855.669068520245    
    753.3917223614013    
    1072.542658846247    
    1191.215554705012    
    692.8447157267660    
   0.0000000000000000E+00
   0.0000000000000000E+00
    23865.91024571919    
   0.0000000000000000E+00
    21090.99997963027    
    27563.75589435118    
    17528.16245730312    
    15176.93372096359    
   0.0000000000000000E+00
    277.8338261975583    
    10593.39890550224    
    732.1279689951792    
    6701.158339961795    
    149.0957537290190    
   0.0000000000000000E+00
    131.5823002567064    
    3379.538661026758    
    238.5993125764752    
    208.2358119276556    
    169.7555041596613    
    115.8487903133147    
    12.31789094931900    
   0.0000000000000000E+00
    58.04477487798975    
    70.25892975311750    
    78.29097861317939    
    78.59155880616780    
    73.98847488644020    
    67.81664032610469    
    61.43524210072251    
    55.79169132634464    
    54.62862190308159    
    50.05643923812851    
    45.86690554578031    
    38.00597635772671    
    34.50565944638787    
    31.33731953514858    
    27.89552123351602    
    25.29742956688955    
    27.06729176378589    
    24.71172681290666    
    22.50476708487263    
    20.57862525605253    
    18.64320594777259    
    17.01597244928784    
    15.31533699741776    
    13.94925539064856    
    12.45616291417114    
 Infinity                
   0.0000000000000000E+00
    1048.871565972157    
    12181.42842424526    
    11414.01140639017    
    7901.424301002223    
    5635.308333597176    
    545.4591653569883    
    1084.972415144540    
    1266.999307558069    
    951.4565599951887    
   0.0000000000000000E+00
   0.0000000000000000E+00
    35259.64185561366    
    23822.68712705740    
   0.0000000000000000E+00
    20601.41512035878    
    26250.60619517286    
    15808.10570080915    
    201.3104158934163    
    344.0169253283390    
    436.1361129122588    
    489.0125316373748    
    540.2035606244342    
    4555.101950481827    
    269.2074647484895    
   0.0000000000000000E+00
    72.78948655099134    
    2704.599905526398    
    216.8273664046218    
    187.2441194914804    
    136.2625866916150    
    47.05479544321041    
   0.0000000000000000E+00
   0.0000000000000000E+00
    75.30797983002508    
    81.81889343809056    
    82.16154877821391    
    78.14473644694428    
    72.27872258830867    
    66.19967986534211    
    60.42204744929418    
    55.14343720695187    
    52.51209400713265    
    48.23400755586852    
    44.30675388339598    
    38.11518151823132    
    34.72700261689575    
    31.64725898764583    
    28.84684185702631    
    25.91461631874278    
    23.57346964026381    
    24.55937459936465    
    22.52085529697018    
    20.58942702172533    
    18.85949536696543    
    17.14968031787027    
    15.67512596466477    
    14.15520267240836    
    12.90666630393436    
 Infinity                
    2201.328957203319    
   0.0000000000000000E+00
    13088.89909952403    
    11649.52456549697    
    8108.878018216129    
    2827.259272232132    
    1018.020028309503    
    1320.541236991880    
    1069.768494986814    
   0.0000000000000000E+00
   0.0000000000000000E+00
   0.0000000000000000E+00
    34889.12777222134    
    23233.91560100702    
    462.7803085434243    
    18651.25966537515    
    22677.23748697310    
    12864.72479042911    
    358.0861945908285    
    417.1707564792035    
    449.2820862333201    
    453.4772105933737    
    436.5992335174580    
    2744.578985892390    
    148.6413147195333    
   0.0000000000000000E+00
   0.0000000000000000E+00
   0.0000000000000000E+00
    198.9328951140784    
    184.9896184589549    
    77.20051834997332    
   0.0000000000000000E+00
   0.0000000000000000E+00
    58.35126091818788    
    83.71815020082911    
    83.74426781224753    
    80.35627037458455    
    75.26917166026892    
    69.56047492008028    
    64.08976130065888    
    58.72845944031353    
    53.77710023498057    
    49.22205663402298    
    46.01599136740128    
    42.36263539536424    
    37.66213158664134    
    34.42687139670276    
    31.47649187352935    
    28.78491916715867    
    26.32200331600444    
    23.86844723329997    
    21.79699012944086    
    22.19973414978431    
    20.44297276025848    
    18.77331518020272    
    17.22218504819614    
    15.79075088922727    
    14.39674156541112    
    13.16906690327563    
 Infinity                
    2313.127645905387    
    5234.615321890748    
    13563.59728398402    
    11843.36861983382    
    8283.624850053040    
    1252.925519373767    
    1322.428039791342    
    1146.266449763459    
   0.0000000000000000E+00
   0.0000000000000000E+00
    33756.68332165436    
   0.0000000000000000E+00
    32889.41042037995    
   0.0000000000000000E+00
    469.8547922574953    
    15249.96563449774    
    17674.64366755772    
    9426.472066247528    
    374.5897331182969    
    390.4622629112399    
    386.3488853903002    
    363.3357117960478    
    330.6135226182458    
    204.3283079699281    
   0.0000000000000000E+00
   0.0000000000000000E+00
   0.0000000000000000E+00
   0.0000000000000000E+00
    193.5383360934625    
    125.5463045103037    
   0.0000000000000000E+00
    20.59530972095687    
    62.27126015484878    
    78.33608190392933    
    84.13739767568100    
    80.84495439375165    
    76.50551395366367    
    71.58262409213154    
    66.47569360727373    
    61.44143061334979    
    56.45454527651835    
    51.83594833289094    
    47.57393941617244    
    43.55045864024971    
    40.03943008789334    
    36.70795884249266    
    33.65119666882215    
    30.85695133374758    
    28.30168602149764    
    25.95757388151918    
    23.80334152030913    
    21.80248233917698    
    19.98136891304208    
    20.00632580739066    
    18.50746407354490    
    17.02737582653310    
    15.68708511297861    
    14.40379010846166    
    13.21778169635110    
 Infinity                
    2366.092885280249    
    7142.199459875944    
    13853.74962275762    
    12007.29859067172    
    4368.800100718490    
    1587.418603120105    
    1151.298358377519    
   0.0000000000000000E+00
   0.0000000000000000E+00
   0.0000000000000000E+00
    31810.50211177663    
   0.0000000000000000E+00
    28039.63814384121    
    193.9120566948042    
    379.1212942170150    
    11236.97295104575    
    12386.52068095990    
    6184.379131002789    
    323.8024130707347    
    314.1599744062265    
    291.6569587687335    
    258.7833377066830    
    226.6632049967725    
    56.57027228316455    
   0.0000000000000000E+00
   0.0000000000000000E+00
   0.0000000000000000E+00
   0.0000000000000000E+00
    176.6900329897075    
    58.16878589158556    
    9.354691853604555    
    63.34903091451802    
    79.25089376423114    
    84.06518483791750    
    80.43804499359692    
    76.30433366003729    
    72.10968926825345    
    67.73725946973627    
    63.05837597648618    
    58.40280351081735    
    53.77215961580919    
    49.47721378774087    
    45.50819731937190    
    41.08733420906692    
    40.68418989498315    
    35.35646928428626    
    32.49015812812783    
    29.86565867589760    
    27.46160399785320    
    25.25226146950108    
    23.21804329086106    
    21.48407957925997    
    19.74936092403161    
    17.19094392901217    
    17.99826306900115    
    16.60035288901635    
    15.40906049858810    
    14.18889525508466    
    13.05874684597266    
 Infinity                
    3327.421838125177    
    8028.904802887351    
    14063.64181842586    
    12167.31204587733    
    4550.260090786463    
    1448.600894290113    
   0.0000000000000000E+00
   0.0000000000000000E+00
   0.0000000000000000E+00
   0.0000000000000000E+00
    27049.96803447983    
   0.0000000000000000E+00
    21575.31799580145    
    185.8351329703999    
    273.9415750259035    
    7422.665736071117    
    7747.136798524180    
    3592.105059208313    
    245.9255219679569    
    224.9375594821497    
    197.7918116725756    
    167.0231388039946    
    145.4432372817291    
   0.0000000000000000E+00
   0.0000000000000000E+00
   0.0000000000000000E+00
   0.0000000000000000E+00
   0.0000000000000000E+00
    137.7129544190813    
   0.0000000000000000E+00
    60.44275599866511    
    79.21409764031465    
    82.45719428222516    
    79.79395236445441    
    75.42606681261029    
    71.43550423163806    
    67.73227332479819    
    63.74505033661963    
    59.43219612299315    
    55.12748035067587    
    50.83674953942761    
    46.85370072047657    
    43.16929392953973    
    38.97182783144205    
    36.62928027627841    
    33.72386606219653    
    31.05005960865617    
    28.59904089653287    
    26.35134285749448    
    24.28316306242884    
    22.37643845311626    
    20.63548572442388    
    19.25236889024993    
    17.74591062007223    
    16.30694586524212    
    16.17798598198112    
    14.93823372459342    
    13.78862202088186    
    12.84322268049389    
 Infinity                
    4788.571282768082    
    8643.556515893433    
    14260.91170774137    
    12314.61697193522    
    4474.797598688827    
   0.0000000000000000E+00
   0.0000000000000000E+00
   0.0000000000000000E+00
   0.0000000000000000E+00
   0.0000000000000000E+00
    20744.73137818197    
   0.0000000000000000E+00
    14928.47607147580    
    151.6413670104094    
    190.8194802720806    
    4349.232849738784    
    4259.060273770955    
    1799.910230499451    
    169.1847430355285    
    146.9867386356412    
    123.5861180001508    
    101.7029061260957    
    98.80744747092206    
   0.0000000000000000E+00
   0.0000000000000000E+00
   0.0000000000000000E+00
   0.0000000000000000E+00
   0.0000000000000000E+00
    93.23078024479901    
    40.03464098418617    
    78.56391808809370    
    81.99469740166985    
    79.24443207577011    
    74.46352949559359    
    70.26461565282956    
    66.73719895883114    
    63.37082909449485    
    59.70633844859482    
    55.72728681178500    
    51.75044494135802    
    47.78094222534187    
    44.09398988465923    
    40.68108699187157    
    36.76374872532083    
    34.61561031079549    
    31.91718160389958    
    29.43169480890824    
    27.15151527566671    
    25.05886503005993    
    23.13173871348645    
    21.35347497017100    
    19.72871011532787    
    18.23843277710085    
    17.39945873812118    
    16.05257023654890    
    15.26688586464843    
    13.93154599132435    
    13.24957047893578    
    12.41816130810484    
 Infinity                
    6802.110897787407    
    9187.482010594578    
    14181.01173206853    
    11809.74650667590    
    3809.356954201693    
   0.0000000000000000E+00
   0.0000000000000000E+00
   0.0000000000000000E+00
   0.0000000000000000E+00
   0.0000000000000000E+00
    14298.18193285923    
   0.0000000000000000E+00
    9215.212695973307    
    123.2437923836151    
    123.7428703372123    
    2207.338889387337    
    1978.773132000098    
    111.0098545232373    
    109.6328539015523    
    91.74835853306722    
    78.24768476471493    
    66.52842934088530    
    82.91116217001583    
   0.0000000000000000E+00
   0.0000000000000000E+00
   0.0000000000000000E+00
   0.0000000000000000E+00
   0.0000000000000000E+00
    69.93367105250465    
    76.74583413848559    
    80.18561539766782    
    78.41836200161373    
    74.08470774395060    
    69.11689258578753    
    65.38620281560489    
    62.17812329190785    
    59.08979207960471    
    55.71551740745967    
    52.04501877277588    
    48.37372145225719    
    44.70543847724043    
    41.29690800192319    
    38.14012533688015    
    34.69223691546509    
    34.76664794596843    
    30.02402257515015    
    27.71913403652706    
    25.60346041341394    
    23.66073890393654    
    21.87064025095928    
    20.21779909684602    
    18.70697373560386    
    17.32051635164570    
    16.72220698938098    
    15.46196456982547    
    14.29285457291014    
    14.11386476221427    
    12.92870468172163    
    11.83117240936753    
 Infinity                
    9176.173961000795    
    8802.972713441231    
    12927.01756183639    
    10229.38087742396    
    2809.716940040368    
   0.0000000000000000E+00
   0.0000000000000000E+00
   0.0000000000000000E+00
   0.0000000000000000E+00
   0.0000000000000000E+00
    8785.012588819847    
   0.0000000000000000E+00
    4990.838830391442    
    79.29805936333221    
    85.57435885488498    
    902.0704690715399    
    660.6428856182145    
    87.50409524106686    
    74.26296744197289    
    63.37021324383584    
    59.01799722029923    
    56.04495304353166    
    80.04701491934253    
   0.0000000000000000E+00
   0.0000000000000000E+00
   0.0000000000000000E+00
   0.0000000000000000E+00
   0.0000000000000000E+00
    79.13853645438074    
    81.44686219644817    
    78.00309986127967    
    73.09962825791538    
    68.62068335972162    
    64.13327390198467    
    60.73438762260232    
    57.79073907665484    
    54.95036137461025    
    51.84182949732440    
    48.45674603841812    
    45.06921969806559    
    41.68191781647145    
    38.53359816866227    
    35.61672227389953    
    32.76829446505963    
    34.06204044233232    
    28.11059441363384    
    25.97677569803683    
    24.01733651380508    
    22.21738046014072    
    20.55813908003297    
    19.02544600209326    
    17.62404302401096    
    16.33757653438175    
    15.15018873033943    
    14.75201935422407    
    13.66198443355095    
    12.64869895678200    
    12.90012619332138    
    11.85661130776592    
 Infinity                
    11170.43902180300    
    6066.199125610405    
    10595.00062248512    
    7947.346766379534    
    1851.711492572420    
   0.0000000000000000E+00
   0.0000000000000000E+00
   0.0000000000000000E+00
   0.0000000000000000E+00
   0.0000000000000000E+00
    4726.188395012779    
   0.0000000000000000E+00
    2268.830479216736    
    59.51466940673529    
    72.14901659915424    
    88.46931794281646    
    94.51924659627031    
    67.95477916078103    
    59.81299722386533    
    55.21483727993537    
    52.72356710852564    
    50.14100846133857    
    76.71356349790713    
   0.0000000000000000E+00
   0.0000000000000000E+00
    23.89598384465821    
   0.0000000000000000E+00
    80.33023886283814    
    79.70250178383560    
    77.48778979491880    
    73.06579456179918    
    67.56756276499279    
    63.56055714719910    
    59.43687797692493    
    56.31684614069128    
    53.60958867108393    
    50.99513662142327    
    48.13076066323731    
    45.00936701667652    
    41.88473584924181    
    38.75861267174506    
    35.85250330694987    
    33.15930363490623    
    30.42936580516762    
    33.64416164657590    
    26.22401600836535    
    24.25096120053335    
    22.43860158523110    
    20.77327710486345    
    19.23766936603375    
    17.81872050442778    
    16.52106108024956    
    15.32955717473224    
    14.22949819532332    
    13.20757188175846    
    12.95604939677002    
    12.01366795649271    
    11.13731079606254    
    11.67517984129817    
 Infinity                
    11639.80183714297    
    5229.359744512822    
    7735.494068855544    
    5531.734324267267    
    1073.508153314459    
   0.0000000000000000E+00
   0.0000000000000000E+00
   0.0000000000000000E+00
   0.0000000000000000E+00
   0.0000000000000000E+00
    2120.940100633949    
    31.94488950784810    
    705.5182917612850    
    50.05043614768330    
    56.93228954850881    
    84.72872415525117    
    93.31125628162454    
    57.83733195705486    
    55.42456295228254    
    50.47261959588074    
    47.56823311028725    
    44.13366995768467    
    71.03110334569381    
   0.0000000000000000E+00
   0.0000000000000000E+00
    28.53292468660284    
    20.64586353285658    
    77.15674921783665    
    75.61714369261531    
    72.08289239070515    
    67.51663861905938    
    62.48084675907309    
    58.82173201397534    
    55.01729540443257    
    52.14842735448579    
    49.65703930953435    
    47.24946663410911    
    44.60950775742678    
    41.73145984736739    
    38.84996000160299    
    35.96600889705349    
    33.28472255303534    
    30.79939750392196    
    28.75143476254897    
    30.00581913297386    
    24.39609416251535    
    22.57331545783677    
    20.89860879548760    
    19.35943720102224    
    17.93982582040118    
    16.62774045393467    
    15.42763839590095    
    14.32552869232516    
    13.30778596931788    
    12.36206180600719    
    12.70190025931420    
    11.33652120292272    
    10.52296990272026    
    9.765864412358775    
 Infinity                
    10205.95609989176    
    3892.010443848221    
    5030.654001325845    
    3423.972529110555    
    467.2510961514528    
   0.0000000000000000E+00
   0.0000000000000000E+00
   0.0000000000000000E+00
   0.0000000000000000E+00
    32.97889602045731    
    621.4769371474342    
    29.14946523170908    
    10.22363736859589    
    46.69666375722878    
    70.98517933356088    
    86.53671991845664    
    86.55902325997251    
    50.25700844331948    
    85.66800419059514    
    45.22231564172395    
    41.62780211588141    
    37.84566801230126    
    63.85403167177039    
   0.0000000000000000E+00
   0.0000000000000000E+00
    27.68008356432358    
    24.43253291490383    
    71.77478292499298    
    70.15982011112192    
    66.58966975180334    
    62.42922336185255    
    57.74607461160212    
    54.38383402800660    
    50.87533702803710    
    48.23697270003859    
    45.94367359482838    
    43.72579096578574    
    41.29210256972475    
    38.63843632335256    
    35.98150555218044    
    33.32169841646746    
    30.84867155891984    
    28.55608893409693    
    26.63545560467801    
    26.70709625889145    
    22.64708276728264    
    20.96425153710329    
    19.41785207291868    
    17.99636895178686    
    16.68507110577169    
    15.47286814559456    
    14.36400571405167    
    13.34555969698165    
    12.40492435472344    
    11.53066247232449    
    10.71845582183632    
    11.10774255234674    
    9.889788376042102    
    9.187884021434229    
 Infinity                
    7805.956259672458    
    2676.060401921784    
    2891.310761158263    
    1837.981924300730    
   0.0000000000000000E+00
   0.0000000000000000E+00
   0.0000000000000000E+00
   0.0000000000000000E+00
   0.0000000000000000E+00
    83.10057794448841    
   0.0000000000000000E+00
   0.0000000000000000E+00
    44.39629890286118    
    60.03076466083603    
    76.00332416430692    
    81.01357594941270    
    75.26787135212011    
    44.02103781117849    
    73.45131630029519    
    43.65725560973090    
    40.55088230984971    
    32.28064309918371    
    56.19726524696409    
   0.0000000000000000E+00
   0.0000000000000000E+00
    24.72742263158989    
    22.30086488021273    
    65.90809791162192    
    64.64006359444552    
    61.59045537288785    
    57.71168197959791    
    53.33298477651692    
    50.23960305037531    
    47.00863324190946    
    44.58266608336694    
    42.47136626298142    
    40.42751739643049    
    38.18340781483540    
    35.73650347176181    
    33.28679922674879    
    30.83416837250534    
    28.55376413551465    
    26.43958495372522    
    24.64902901393966    
    24.82254158578102    
    21.07880572942742    
    19.43599213775799    
    18.00883605736438    
    16.69679835275818    
    15.48629669942109    
    14.36711117361044    
    13.34325418675007    
    12.40279352695579    
    11.53407734997019    
    10.72652401699895    
    9.976162673924517    
    9.277945382840587    
    9.687761471489797    
    9.005999850212627    
 Infinity                
    5497.283584857048    
    1777.303117670482    
    1428.164421217580    
    790.5979915775516    
   0.0000000000000000E+00
   0.0000000000000000E+00
   0.0000000000000000E+00
   0.0000000000000000E+00
    54.79933332081749    
    45.87154212530366    
   0.0000000000000000E+00
    35.10960673177507    
    56.12035616882579    
    66.52031913685624    
    72.37961213787153    
    70.35074069640943    
    62.34658704317557    
    38.69363189365434    
    60.27968995782178    
    40.37982306254562    
    36.45464873366647    
    27.99914981179262    
    48.47047359980097    
   0.0000000000000000E+00
   0.0000000000000000E+00
    22.38644093426662    
    19.77434276843390    
    60.29253854458540    
    59.62156749945321    
    56.98095822587511    
    53.32963512909358    
    49.22671750436722    
    46.38082704403362    
    43.41012393213403    
    41.18004894979838    
    39.23606079741347    
    37.35194601582083    
    35.28206067812769    
    33.02558498152816    
    30.76696347185781    
    28.50562624821801    
    26.40317467773395    
    24.45391018340732    
    22.79206114590485    
    22.10025183503333    
    19.51315816778759    
    17.99494484997410    
    16.67836491282839    
    15.46786758772513    
    14.35093163632741    
    13.31813851943155    
    12.37325830453725    
    11.50527888752767    
    10.70343708003463    
    9.957951611701324    
    9.265168953159906    
    8.620432903736200    
    9.062177859357940    
    8.430999826543481    
 Infinity                
    3698.145244760079    
    1155.564364944172    
    544.9597433777892    
    31.49864922577152    
   0.0000000000000000E+00
   0.0000000000000000E+00
   0.0000000000000000E+00
    17.68686240406383    
    89.73164387025946    
   0.0000000000000000E+00
    37.04937351529009    
    50.83108052202012    
    60.94529460508178    
    64.11432944761324    
    63.35986388426990    
    57.98859675272360    
    50.33148604210572    
    34.21735677981072    
    48.41688443603152    
    46.23934980016642    
    31.33306588063898    
    24.91764737728803    
    40.49423206677704    
   0.0000000000000000E+00
   0.0000000000000000E+00
    20.20193778164741    
    18.02421589082484    
    55.17345731930821    
    54.99596674633111    
    52.71978926517295    
    49.26417543889086    
    45.41357973451083    
    42.79631453805828    
    40.06927547544381    
    38.01994998031149    
    36.22983741556452    
    34.49237551794164    
    32.58258853832190    
    30.50142666316751    
    28.41890045977721    
    26.33404939800430    
    24.39585022436376    
    22.59887744100256    
    21.55181155312163    
    20.45841157290812    
    18.04580896140250    
    16.64348054819791    
    15.42926713543810    
    14.31280810433791    
    13.28256079582583    
    12.32984513694723    
    11.45818701846228    
    10.65742668731444    
    9.917626885372160    
    9.229751614919124    
    8.590438380805116    
    7.995392877847222    
    7.441636930178355    
    8.351397523705220    
 Infinity                
    2406.636615200949    
    727.9956458340155    
    25.27041431153143    
   0.0000000000000000E+00
   0.0000000000000000E+00
   0.0000000000000000E+00
   0.0000000000000000E+00
    82.43549155921316    
    65.79166839879363    
   0.0000000000000000E+00
    48.87725980892561    
    55.11926023437044    
    58.14239972374942    
    56.65480572041279    
    52.69132816455009    
    46.86581348423703    
    42.05174678826215    
    30.59175431090778    
    39.29468607804504    
    38.65140984642883    
    24.37928980802948    
    22.61758813167647    
    31.66349022478294    
   0.0000000000000000E+00
   0.0000000000000000E+00
    18.48785337695780    
    16.55289276339012    
    50.43256232988990    
    50.71805898560800    
    48.78334573159398    
    45.49861879236265    
    41.87852332633727    
    39.47262730861819    
    36.97339727037497    
    35.09092237186693    
    33.44238309732383    
    31.83959394424394    
    30.07690902601480    
    28.15709130827656    
    26.23677519091428    
    24.31464719441934    
    22.52795026025154    
    20.87150268102794    
    19.91327522994558    
    18.33549333949292    
    16.67600351244675    
    15.38122760209606    
    14.26165747855382    
    13.23216854866712    
    12.28212068431429    
    11.40351365772843    
    10.59963362785918    
    9.861108858903894    
    9.178767795577960    
    8.544267225082740    
    7.954511131084552    
    7.405539962830631    
    6.894610780901369    
    6.418916061555735    
 Infinity                
    1495.012416104211    
    422.8603957883771    
   0.0000000000000000E+00
   0.0000000000000000E+00
   0.0000000000000000E+00
   0.0000000000000000E+00
    63.47589576431848    
    68.09693414613119    
    48.78268320501500    
   0.0000000000000000E+00
    51.54456898329475    
    52.67117051203191    
    51.46578891406680    
    47.89866722547487    
    43.33880614397359    
    38.57077094093978    
    35.18690570887612    
    27.70109269069014    
    33.09452170425936    
    23.95462493521907    
    22.26746124213852    
    20.74205728876083    
    20.49934456294751    
   0.0000000000000000E+00
    33.90519196592849    
    17.00642792603232    
    15.23842867044293    
    46.01876899480478    
    46.76129973474136    
    45.15170557780340    
    42.01585576121422    
    38.60543168672052    
    36.39504102863983    
    34.10863218277579    
    32.38025678408143    
    30.86202026533882    
    29.38292187816160    
    27.75538100025460    
    25.98400983474611    
    24.21306069120693    
    22.44089378331959    
    20.79386422303270    
    19.26700678139139    
    18.39193679581532    
    16.93726874022999    
    15.40111722273967    
    14.20599722028151    
    13.17384142255946    
    12.22469952247824    
    11.34876296359814    
    10.53865776046254    
    9.797438173078419    
    9.116460523485831    
    8.487262125975297    
    7.902142002397556    
    7.358248734016440    
    6.851931187869885    
    6.380663014169090    
    5.941857131753293    
 Infinity                
    855.0147149811928    
    219.0365571279269    
   0.0000000000000000E+00
   0.0000000000000000E+00
   0.0000000000000000E+00
   0.0000000000000000E+00
    56.26757347929361    
    53.18610661407347    
    39.71367044630441    
    25.95131089975060    
    48.95239008088955    
    47.17964587062106    
    44.21993865165146    
    40.41936806003038    
    36.55926575254710    
    33.69989274702013    
    30.75350836772299    
    25.34235399152484    
    29.10429817914606    
    21.98669910094319    
    20.48511321428563    
    19.10493914600919    
   0.0000000000000000E+00
   0.0000000000000000E+00
    32.52605186702156    
    15.66979383590002    
    14.04004465841872    
    41.90070857642771    
    43.10362365604175    
    41.80558629416817    
    38.79839388519673    
    35.57774360850045    
    33.54828272108264    
    31.46064796304575    
    29.87468168521650    
    28.47641877117933    
    27.11093709667666    
    25.60753694658696    
    23.97271377250068    
    22.33926744363519    
    20.70524993709969    
    19.18692570790201    
    17.77951996241471    
    16.98171092991214    
    19.78010401049009    
    14.21733736141802    
    13.17797150969241    
    12.16295664368275    
    11.28798067714413    
    10.48046877474038    
    9.733623048604855    
    9.050276353905209    
    8.422456916669789    
    7.842357609994123    
    7.302871759881703    
    6.801372618893313    
    6.334493632498312    
    5.899907358672744    
    5.495229472984875    
 Infinity                
    352.9402445042915    
   0.0000000000000000E+00
   0.0000000000000000E+00
   0.0000000000000000E+00
   0.0000000000000000E+00
    31.82291586285123    
    46.42811304361256    
    44.29721742427675    
    38.07789958588118    
    34.36708344930994    
    44.25879060995968    
    41.43895676090197    
    38.26818113060828    
    35.04242193511678    
    32.56676730685674    
    29.97591358126638    
    27.75921175922277    
    23.31316440101359    
    26.30209822877201    
    20.26573265495218    
    18.89200510127453    
    17.62263516170069    
   0.0000000000000000E+00
   0.0000000000000000E+00
    31.23221548545651    
    14.44737355846031    
    12.94156949001742    
    38.05168368070716    
    39.72420525117502    
    38.72609900529138    
    35.82878964904518    
    32.77894681528009    
    30.91704174106019    
    29.01510818779034    
    27.56084055156844    
    26.27308301700900    
    25.01197146301567    
    23.62258611256596    
    22.11334081020452    
    20.60644859257119    
    19.09966414210998    
    17.69990863092395    
    16.40257229839649    
    15.67614751422710    
    18.31905851969250    
    13.12014119296573    
    12.16203559166939    
    11.22542444873597    
    10.41886437933385    
    9.674482838614024    
    8.986012376755820    
    8.356075875525176    
    7.777321623441100    
    7.242547931856399    
    6.745197923734624    
    6.282850938279990    
    5.852402586025126    
    5.451708091413380    
    5.078570161016650    
 Infinity                
   0.0000000000000000E+00
   0.0000000000000000E+00
   0.0000000000000000E+00
   0.0000000000000000E+00
   0.0000000000000000E+00
    31.75337471727102    
    41.13759215101626    
    40.81101748912944    
    38.53720803419782    
    37.01635332445517    
    39.58309964664132    
    36.74894946528952    
    33.95618125429257    
    31.35263033645962    
    29.39796565582107    
    27.31763565233445    
    25.44104226664601    
    21.51044610319834    
    24.11588028573670    
    18.70606284032944    
    17.43801408025504    
    16.26494905453332    
   0.0000000000000000E+00
   0.0000000000000000E+00
    30.01310455190661    
    13.32540434606204    
    11.93317567929245    
    34.44597633134222    
    36.60304225470503    
    35.89495842821317    
    33.09000340116165    
    30.19291456634237    
    28.48631232513948    
    26.75798664241156    
    25.42561261310496    
    24.23967971221989    
    23.07444679772999    
    21.78975639949244    
    20.39597946400196    
    19.00554545722074    
    17.61591726568517    
    16.32536892940981    
    15.12943209512748    
    14.46868618489938    
    15.80260982961367    
    12.10462877854809    
    11.22143296234459    
    10.40943085928118    
    9.613784482665691    
    8.927617141170185    
    8.292984032010541    
    7.752555282103512    
    7.216574119098444    
    6.685856673252803    
    6.227385525743165    
    5.801170370428641    
    5.404348610711866    
    5.034943228200554    
    4.690928854007498    
 NaN                     
   0.0000000000000000E+00
   0.0000000000000000E+00
   0.0000000000000000E+00
   0.0000000000000000E+00
   0.0000000000000000E+00
    32.73545070547873    
    38.99893354230114    
    39.29449965801619    
    38.02140631269440    
    36.48995371632378    
    35.75155100251208    
    33.20790457281077    
    30.83072885228055    
    28.64547064673513    
    26.97055973164264    
    25.14636518910718    
    23.46286587597105    
    19.86913434246121    
    22.23320035761584    
    17.27646345488411    
    16.10304995877783    
    15.01751447248485    
   0.0000000000000000E+00
   0.0000000000000000E+00
    58.53433820962497    
    12.29452209651827    
    11.00686319459348    
    31.05797985610558    
    33.72103956547766    
    33.29467323146469    
    30.56563840027536    
    27.80412305707614    
    26.24161486814494    
    24.67576978250489    
    23.45632068557914    
    22.36425336135573    
    21.28709724269921    
    20.09852247266621    
    18.81090019445690    
    17.52762025484145    
    16.24585453801974    
    15.05587710574218    
    13.95333780225795    
    13.35282950164525    
    14.60827721213110    
    11.16575236724598    
    10.35158978500026    
    9.603054818724036    
    8.914654360841881    
    8.279278739045749    
    7.691596900485613    
    7.153863341935190    
    6.659785377264066    
    6.203218374841392    
    5.778556180164819    
    5.383742375236173    
    4.988726450293561    
    4.648189214240938    
    4.331049555575601    
 NaN                     
   0.0000000000000000E+00
   0.0000000000000000E+00
   0.0000000000000000E+00
   0.0000000000000000E+00
    8.118764619108495    
    33.31142601810154    
    37.51187588404003    
    37.58555586349579    
    36.30876134440871    
    34.58572156041628    
    32.65739577724393    
    30.43447353475280    
    28.34585969474045    
    26.40315193038389    
    24.89250500118672    
    23.22993219249612    
    21.68299206687503    
    18.36248925239005    
    20.15300461393181    
    15.96202144994106    
    14.87531457946933    
    13.87022400836269    
   0.0000000000000000E+00
   0.0000000000000000E+00
    57.74732663961235    
    11.34679591786711    
    10.15552306354218    
    27.86171209315145    
    31.06011014335079    
    30.90866373271474    
    28.24008710834834    
    25.59778267439704    
    24.16913281198721    
    22.75558154370951    
    21.64086131812629    
    20.63536196410244    
    19.63911132258147    
    18.53875186782945    
    17.34870571669305    
    16.16400916349770    
    14.98154051412006    
    13.88417316315382    
    12.86765251878549    
    12.32225802707659    
    13.50037822712759    
    10.29847309574230    
    9.547913203470051    
    8.857856097950640    
    8.223241766963293    
    7.637515177185287    
    7.095759802335987    
    6.600056554745827    
    6.144601416890043    
    5.723726505023343    
    5.332259992191146    
    4.968305328598456    
    4.629419279374086    
    4.289850961478002    
    3.997497459890328    
 NaN                     
   0.0000000000000000E+00
   0.0000000000000000E+00
   0.0000000000000000E+00
   0.0000000000000000E+00
    17.37761628898361    
    32.67223697101404    
    35.60016371826026    
    35.41389414985564    
    34.02180165202240    
    32.22415680648483    
    30.09468285487502    
    28.08898951277809    
    26.19021264602174    
    24.41144657813680    
    23.01993751394433    
    21.48418955787747    
    20.05230071776971    
    16.97609468091884    
    18.62519028242924    
    14.75224560063148    
    13.74540425062205    
    12.81443949989664    
   0.0000000000000000E+00
   0.0000000000000000E+00
    57.00426938064611    
    10.47511409575620    
    9.372727860777662    
    24.83010290357270    
    28.60322899184732    
    28.72131919710553    
    26.09861412601770    
    23.55990987546641    
    22.25578938345379    
    20.98525353070588    
    19.96778018323457    
    19.04215788774628    
    18.12021752051992    
    17.10079631130229    
    16.00042465605301    
    14.90641908433950    
    13.81535759015171    
    12.80326663204407    
    11.86596562456728    
    11.37090458580602    
    12.47384108259863    
    9.497865350194562    
    8.805895187612220    
    8.169709082754917    
    7.584645764151534    
    7.044661299958216    
    6.545221464208571    
    6.088245557913790    
    5.668379819979276    
    5.280396005325763    
    4.919522910540707    
    4.584011054060602    
    4.271606532712242    
    3.980755012959883    
    3.709863143317050    
 NaN                     
   0.0000000000000000E+00
   0.0000000000000000E+00
   0.0000000000000000E+00
   0.0000000000000000E+00
    19.30874954662385    
    31.08790453136405    
    33.33515066396375    
    32.95476029040099    
    31.60795923656846    
    29.90196700809292    
    27.83434680377420    
    25.99045309629991    
    24.23837694845045    
    22.59279472351267    
    21.30275813868611    
    19.87890095854323    
    18.55095013576589    
    15.69921380345623    
    17.21921934790236    
    13.63817154567116    
    12.70499889178118    
    11.84240042833320    
   0.0000000000000000E+00
   0.0000000000000000E+00
    56.30087828216424    
    9.673029116482844    
    8.652647172588111    
    21.93375910816745    
    26.33444685107857    
    26.71801388488529    
    24.12739203981893    
    21.67735707923713    
    20.48928305844889    
    19.35335713753356    
    18.42630822186192    
    17.57442842096309    
    16.72073023280408    
    15.77554099940778    
    14.75756617412778    
    13.74698464775744    
    12.74006548988410    
    11.80649836705074    
    10.94215569439491    
    10.49299946026871    
    12.93405673526934    
    8.759183954127906    
    8.121180671810608    
    7.534615362752784    
    6.995194812018510    
    6.497346726264987    
    6.036888496711389    
    5.615589633632720    
    5.228511664970525    
    4.870831159511084    
    4.538146581330715    
    4.228843535944722    
    3.940842778941867    
    3.672710575618511    
    3.422977289375585    
 NaN                     
   0.0000000000000000E+00
   0.0000000000000000E+00
   0.0000000000000000E+00
   0.0000000000000000E+00
    18.76981375825475    
    29.00286879950840    
    30.95861315054232    
    30.57059289209903    
    29.30701449578369    
    27.71484410140058    
    25.77706951001629    
    24.06983527210008    
    22.44541133640762    
    20.91861225692901    
    19.72058868882372    
    18.39913882093542    
    17.16683312428764    
    14.52254958259886    
    15.92400276911090    
    12.61174213381991    
    11.74657147930496    
    10.94706737550674    
   0.0000000000000000E+00
   0.0000000000000000E+00
    55.63339204231863    
    8.934683738037215    
    7.989983608953753    
    19.13872605692575    
    24.23887544248703    
    24.88509293146909    
    22.31350718682376    
    19.93781330262091    
    18.85809359265858    
    17.84920855511739    
    17.00637203387888    
    16.22261074279433    
    15.43156835404733    
    14.55442814123546    
    13.61214552844755    
    12.67829785182401    
    11.74883354515590    
    10.88757507730733    
    10.09042701241650    
    9.956201341581409    
    11.95829560738083    
    8.077906889740516    
    7.489610010309382    
    6.948747603916726    
    6.451366340145572    
    5.992328697280359    
    5.567776689451516    
    5.179340927427298    
    4.822464974034992    
    4.492699292182967    
    4.185982928698966    
    3.900825944779364    
    3.635310003983240    
    3.388111711690359    
    3.157875716661976    
 NaN                     
   0.0000000000000000E+00
   0.0000000000000000E+00
   0.0000000000000000E+00
   0.0000000000000000E+00
    17.44520711519094    
    26.87515062369208    
    28.68766435765756    
    28.33203567800711    
    27.16202860622165    
    25.68487284052287    
    23.88415141733716    
    22.30001666830540    
    20.79190268623405    
    19.37412165406725    
    18.05008081157492    
    17.03399811974907    
    15.89006347004594    
    13.43772687412950    
    14.73017613286039    
    11.66564620664211    
    10.86328367051786    
    10.12204100545866    
   0.0000000000000000E+00
   0.0000000000000000E+00
    11.12451814582702    
    8.254748217468558    
    7.379921267566339    
    16.40210955880725    
    22.30265303514291    
    23.20983831464017    
    20.64494295449314    
    18.32978501166205    
    17.35146932029348    
    16.46285752804106    
    15.69858574850016    
    14.97778769069695    
    14.24425528578206    
    13.42945984005371    
    12.55669135337686    
    11.69341825092124    
    10.83525383384872    
    10.04058496496106    
    9.305327787573239    
    9.189780492421114    
    11.05468449826475    
    7.449758623423491    
    6.907243570737334    
    6.408474464743709    
    5.949812023357888    
    5.526519696286855    
    5.135038627401335    
    4.776871150035728    
    4.447813482690198    
    4.143759978646752    
    3.860963617267140    
    3.683125012834393    
    3.433216491927242    
    3.200489438257994    
    2.983676490126932    
 NaN                     
   0.0000000000000000E+00
   0.0000000000000000E+00
   0.0000000000000000E+00
   0.0000000000000000E+00
    15.95983880588974    
    24.85141304471855    
    26.57004410400867    
    26.25566853333878    
    25.17652500743429    
    23.80791821800162    
    22.13707448556681    
    20.66611418101685    
    19.26527817080703    
    17.94822659213796    
    16.71832196869914    
    15.57382704728489    
    14.71181158272238    
    12.69982722242040    
    13.62932603440735    
    10.79323296516140    
    10.04891342227129    
    9.361498001390085    
   0.0000000000000000E+00
    117.5168448842583    
    10.28833384206639    
    7.628371207646929    
    6.818075510942476    
    13.66242108704573    
    20.51289776649951    
    21.68042225700334    
    19.11055004934165    
    16.84256391935396    
    15.95939955091300    
    15.18506264636136    
    14.49423063637889    
    13.83167088017895    
    13.15090545430801    
    12.39318828994976    
    11.58423970475685    
    10.78586965493112    
    9.993340725706023    
    9.260000047937680    
    8.581754740462348    
    8.482760525568970    
    10.21839757598294    
    6.870720626912377    
    6.370373867136969    
    5.910374182576629    
    5.487372101244069    
    5.097001541622802    
    4.735979405916096    
    4.405689536736603    
    4.102252988932667    
    3.821881367901450    
    3.645350952696295    
    3.397903792458376    
    3.167442195475304    
    2.952826154165514    
    2.752886884398376    
 NaN                     
   0.0000000000000000E+00
   0.0000000000000000E+00
   0.0000000000000000E+00
   0.0000000000000000E+00
   0.0000000000000000E+00
    22.97276770058422    
    24.61129439385875    
    24.33639160757601    
    23.34151437541911    
    22.07340857582870    
    20.52306863176310    
    19.15666760347417    
    17.85504822643493    
    16.63121611244295    
    15.48844578838936    
    14.42520281958435    
    13.62405204989471    
    11.85807916187734    
    12.61380381046092    
    9.988446866640041    
    9.297793475010044    
    8.660133253433258    
    8.548799708467881    
    185.4476208935936    
    9.517015441764732    
    7.051130558072090    
    6.300453166853026    
    10.81397550149536    
    18.85765290080105    
    20.28585236919483    
    17.70000696282111    
    15.46618466889341    
    14.67258064333063    
    14.00725989432755    
    13.38522816651525    
    12.77657665081716    
    12.14420338517692    
    11.43869879325242    
    10.68831835737936    
    9.949628602082395    
    9.217522625180397    
    8.540669875368989    
    7.914948575969276    
    7.830612695045901    
    9.444792850130863    
    6.337033638331006    
    5.875529278969846    
    5.451238737116755    
    5.061081552078527    
    4.701032611244727    
    4.368063726791046    
    4.063449506740610    
    3.783610598729158    
    3.608361777110292    
    3.362949720635819    
    3.134735670326481    
    2.922189905812525    
    2.724260475053360    
    2.647610225958000    
 NaN                     
   0.0000000000000000E+00
   0.0000000000000000E+00
   0.0000000000000000E+00
   0.0000000000000000E+00
   0.0000000000000000E+00
    21.24095440503997    
    22.80300830375209    
    22.56323185189509    
    21.64560663179889    
    20.47013476587995    
    19.03123373899000    
    17.76155125121021    
    16.55179369926506    
    15.41429174303464    
    14.35222433817649    
    13.36423027481002    
    12.44675300550229    
    10.98042444022230    
    11.67663941262113    
    9.245767882487888    
    8.604757149561603    
    8.013109396195450    
    8.029253284215740    
    185.6992691390585    
    8.805308429748330    
    6.518993653935238    
    5.823411787136217    
    7.613258531242556    
    17.32582677628247    
    19.01591216801676    
    16.40377562096549    
    14.19137839791347    
    13.48237399383945    
    12.92152786728589    
    12.36410663000159    
    11.80539633440728    
    11.21737689575925    
    10.55958493938113    
    9.862927717089386    
    9.179107072796477    
    8.502626498590791    
    7.877809695000731    
    7.338231904519859    
    7.229122477443840    
    8.058869174784698    
    5.845193626612118    
    5.419471250326634    
    5.028073855591912    
    4.668169394507843    
    4.336048693084307    
    4.028918297927558    
    3.747952514510235    
    3.489847571775920    
    3.328841836623163    
    3.102478205602358    
    2.891982136742479    
    2.695941727802633    
    2.620031072477331    
    2.443588027817800    
 NaN                     
   0.0000000000000000E+00
   0.0000000000000000E+00
   0.0000000000000000E+00
   0.0000000000000000E+00
   0.0000000000000000E+00
    19.64696902207887    
    21.13386875539659    
    20.92469294178996    
    20.07773635607298    
    18.98760133500859    
    17.65175593186742    
    16.47159921406065    
    15.34693771673446    
    14.28942508580101    
    13.30214190853961    
    12.38387475794686    
    11.53133105096773    
    10.16988179970594    
    10.81147440877369    
    8.560159990177297    
    7.965090854263952    
    7.973548011915792    
    7.430346996315984    
    185.9533042047346    
    8.148409727589224    
    6.028279026868089    
    5.383629503657146    
    2.846024152192906    
    15.90713151418902    
    17.86110064681875    
    15.21305333675539    
    13.00952043210852    
    12.38076281714077    
    11.92054857327562    
    11.42396645846159    
    10.91156403859304    
    10.36416779440969    
    9.749922795309288    
    9.102515314691631    
    8.469130755471310    
    7.843860206255954    
    7.266983647210654    
    6.769303382213907    
    6.674375707753528    
    7.445051572692772    
    5.391943884228649    
    4.999187675498214    
    4.638091876151377    
    4.306055038907998    
    3.999659608884625    
    3.716329104904036    
    3.457145495657517    
    3.219059146780984    
    3.071094279956168    
    2.862278778091234    
    2.668105484302018    
    2.487270826277920    
    2.418067481077481    
    2.255280693031704    
noh.d





