2
9,10
  1.834 7.00  0.0  -130.12973 -0.15117 
  1.834 6.50  0.0  -130.12973 -0.15118 
  1.834 6.00  0.0  -130.12954 -0.15102 
  1.834 5.50  0.0  -130.12881 -0.15035 
  1.834 5.00  0.0  -130.12663 -0.14825  
  1.834 4.50  0.0  -130.12074 -0.14255  
  1.834 4.00  0.0  -130.10629 -0.12866 
  1.834 3.75  0.0  -130.09344 -0.11646  
  1.834 3.50  0.0  -130.07590 -0.10019  
  1.834 7.00 20.0  -130.12976 -0.15114 
  1.834 6.50 20.0  -130.12978 -0.15118 
  1.834 6.00 20.0  -130.12965 -0.15108 
  1.834 5.50 20.0  -130.12909 -0.15057 
  1.834 5.00 20.0  -130.12734 -0.14892  
  1.834 4.50 20.0  -130.12274 -0.14456  
  1.834 4.00 20.0  -130.11306 -0.13570  
  1.834 3.75 20.0  -130.10848 -0.13234  
  1.834 3.50 20.0  -130.11452 -0.14070  
  1.834 7.00 40.0  -130.12979 -0.15117 
  1.834 6.50 40.0  -130.12985 -0.15126 
  1.834 6.00 40.0  -130.12988 -0.15131 
  1.834 5.50 40.0  -130.12972 -0.15122 
  1.834 5.00 40.0  -130.12907 -0.15070  
  1.834 4.50 40.0  -130.12755 -0.14952  
  1.834 4.00 40.0  -130.12725 -0.15027  
  1.834 3.75 40.0  -130.13172 -0.15581  
  1.834 3.50 40.0  -130.14356 -0.16882  
  1.834 7.00 60.0  -130.12982 -0.15119 
  1.834 6.50 60.0  -130.12995 -0.15135 
  1.834 6.00 60.0  -130.13014 -0.15158 
  1.834 5.50 60.0  -130.13045 -0.15196 
  1.834 5.00 60.0  -130.13101 -0.15268  
  1.834 4.50 60.0  -130.13268 -0.15476  
  1.834 4.00 60.0  -130.13972 -0.16284  
  1.834 3.75 60.0  -130.14873 -0.17265  
  1.834 3.50 60.0  -130.16324 -0.18796  
  1.834 7.00 80.0  -130.12984 -0.15122 
  1.834 6.50 80.0  -130.13002 -0.15143 
  1.834 6.00 80.0  -130.13034 -0.15179 
  1.834 5.50 80.0  -130.13096 -0.15248 
  1.834 5.00 80.0  -130.13231 -0.15401  
  1.834 4.50 80.0  -130.13581 -0.15794  
  1.834 4.00 80.0  -130.14603 -0.16912  
  1.834 3.75 80.0  -130.15634 -0.18011  
  1.834 3.50 80.0  -130.17114 -0.19558  
  1.834 7.00 100.0  -130.12986 -0.15124 
  1.834 6.50 100.0  -130.13006 -0.15147 
  1.834 6.00 100.0  -130.13039 -0.15185 
  1.834 5.50 100.0  -130.13104 -0.15257 
  1.834 5.00 100.0  -130.13239 -0.15411  
  1.834 4.50 100.0  -130.13567 -0.15780  
  1.834 4.00 100.0  -130.14460 -0.16765  
  1.834 3.75 100.0  -130.15333 -0.17704  
  1.834 3.50 100.0  -130.16572 -0.19012  
  1.834 7.00 120.0  -130.12988 -0.15127 
  1.834 6.50 120.0  -130.13003 -0.15146 
  1.834 6.00 120.0  -130.13025 -0.15172 
  1.834 5.50 120.0  -130.13052 -0.15209 
  1.834 5.00 120.0  -130.13086 -0.15262  
  1.834 4.50 120.0  -130.13152 -0.15370  
  1.834 4.00 120.0  -130.13447 -0.15760  
  1.834 3.75 120.0  -130.13862 -0.16251  
  1.834 3.50 120.0  -130.14574 -0.17046  
  1.834 7.00 140.0  -130.12990 -0.15132 
  1.834 6.50 140.0  -130.12997 -0.15143 
  1.834 6.00 140.0  -130.12989 -0.15141 
  1.834 5.50 140.0  -130.12934 -0.15099 
  1.834 5.00 140.0  -130.12759 -0.14946  
  1.834 4.50 140.0  -130.12310 -0.14548  
  1.834 4.00 140.0  -130.11495 -0.13849  
  1.834 3.75 140.0  -130.11130 -0.13584  
  1.834 3.50 140.0  -130.11045 -0.13606  
  1.834 7.00 160.0  -130.12994 -0.15138 
  1.834 6.50 160.0  -130.12990 -0.15140 
  1.834 6.00 160.0  -130.12946 -0.15105 
  1.834 5.50 160.0  -130.12791 -0.14968 
  1.834 5.00 160.0  -130.12354 -0.14562  
  1.834 4.50 160.0  -130.11259 -0.13531  
  1.834 4.00 160.0  -130.08906 -0.11323  
  1.834 3.75 160.0  -130.07251 -0.09794  
  1.834 3.50 160.0  -130.05516 -0.08167  
  1.834 7.00 180.0  -130.12994 -0.15145  
  1.834 6.50 180.0  -130.12985 -0.15142  
  1.834 6.00 180.0  -130.12924 -0.15093  
  1.834 5.50 180.0  -130.12721 -0.14901  
  1.834 5.00 180.0  -130.12154 -0.14379  
  1.834 4.50 180.0  -130.10723 -0.13022  
  1.834 4.00 180.0  -130.07395 -0.09843  
  1.834 3.75 180.0  -130.04398 -0.06951  
  1.834 3.50 180.0  -129.99550 -0.02190   
file=noh.d




