1
9,10
  1.962 7.00  0.0  -130.09180 -0.11280 -130.09267 -0.11371 -130.09266 -0.11371 
  1.962 6.50  0.0  -130.09143 -0.11246 -130.09275 -0.11382 -130.09272 -0.11379 
  1.962 6.00  0.0  -130.09056 -0.11162 -130.09271 -0.11381 -130.09261 -0.11370 
  1.962 5.50  0.0  -130.08856 -0.10966 -130.09224 -0.11341 -130.09199 -0.11310 
  1.962 5.00  0.0  -130.08995 -0.11111 -130.09055 -0.11186 -130.08995 -0.11111 
  1.962 4.50  0.0  -130.08433 -0.10567 -130.08573 -0.10746 -130.08433 -0.10567 
  1.962 4.00  0.0  -130.07056 -0.09247 -130.07413 -0.09711 -130.07056 -0.09247 
  1.962 3.75  0.0  -130.05829 -0.08089 -130.06465 -0.08912 -130.05829 -0.08089 
  1.962 3.50  0.0  -130.04135 -0.06523 -130.05425 -0.08133 -130.04135 -0.06523 

  1.962 7.00 20.0  -130.09270 -0.11367 -130.09268 -0.11365 -130.09269 -0.11366 
  1.962 6.50 20.0  -130.09278 -0.11377 -130.09278 -0.11377 -130.09277 -0.11376 
  1.962 6.00 20.0  -130.09273 -0.11375 -130.09277 -0.11380 -130.09272 -0.11373 
  1.962 5.50 20.0  -130.09230 -0.11334 -130.09239 -0.11349 -130.09228 -0.11332 
  1.962 5.00 20.0  -130.09075 -0.11188 -130.09095 -0.11220 -130.09071 -0.11183 
  1.962 4.50 20.0  -130.08658 -0.10793 -130.08686 -0.10853 -130.08641 -0.10775 
  1.962 4.00 20.0  -130.07790 -0.09998 -130.07784 -0.10078 -130.07690 -0.09890 
  1.962 3.75 20.0  -130.07349 -0.09634 -130.07292 -0.09751 -130.07065 -0.09339 
  1.962 3.50 20.0  -130.07649 -0.10027 -130.07701 -0.10518 -130.06834 -0.09244 

  1.962 7.00 40.0  -130.09271 -0.11369 -130.09265 -0.11361 -130.09267 -0.11364 
  1.962 6.50 40.0  -130.09285 -0.11384 -130.09276 -0.11375 -130.09280 -0.11379 
  1.962 6.00 40.0  -130.09297 -0.11400 -130.09283 -0.11386 -130.09292 -0.11394 
  1.962 5.50 40.0  -130.09299 -0.11406 -130.09270 -0.11380 -130.09291 -0.11399 
  1.962 5.00 40.0  -130.09266 -0.11387 -130.09194 -0.11321 -130.09252 -0.11371 
  1.962 4.50 40.0  -130.08896 -0.11101 -130.08987 -0.11159 -130.09134 -0.11284 
  1.962 4.00 40.0  -130.09308 -0.11550 -130.08799 -0.11098 -130.09044 -0.11271 
  1.962 3.75 40.0  -130.09844 -0.12157 -130.09144 -0.11575 -130.09245 -0.11538 
  1.962 3.50 40.0  -130.11174 -0.13552 -130.10300 -0.12935 -130.09937 -0.12319 

  1.962 7.00 60.0  -130.09273 -0.11371 -130.09258 -0.11355 -130.09263 -0.11360 
  1.962 6.50 60.0  -130.09293 -0.11393 -130.09272 -0.11371 -130.09282 -0.11381 
  1.962 6.00 60.0  -130.09323 -0.11427 -130.09288 -0.11391 -130.09311 -0.11414 
  1.962 5.50 60.0  -130.09374 -0.11485 -130.09302 -0.11413 -130.09360 -0.11471 
  1.962 5.00 60.0  -130.09474 -0.11603 -130.09308 -0.11437 -130.09448 -0.11576 
  1.962 4.50 60.0  -130.09736 -0.11907 -130.09352 -0.11528 -130.09653 -0.11818 
  1.962 4.00 60.0  -130.10643 -0.12907 -130.09901 -0.12202 -130.10287 -0.12533 
  1.962 3.75 60.0  -130.11738 -0.14065 -130.10801 -0.13204 -130.11007 -0.13312 
  1.962 3.50 60.0  -130.13556 -0.15938 -130.12351 -0.14884 -130.12170 -0.14540 

  1.962 7.00 80.0  -130.09277 -0.11375 -130.09250 -0.11347 -130.09256 -0.11354 
  1.962 6.50 80.0  -130.09300 -0.11400 -130.09265 -0.11364 -130.09278 -0.11378 
  1.962 6.00 80.0  -130.09341 -0.11446 -130.09286 -0.11389 -130.09319 -0.11423 
  1.962 5.50 80.0  -130.09425 -0.11538 -130.09319 -0.11430 -130.09400 -0.11513 
  1.962 5.00 80.0  -130.09610 -0.11744 -130.09383 -0.11513 -130.09571 -0.11703 
  1.962 4.50 80.0  -130.10070 -0.12249 -130.09594 -0.11771 -130.09968 -0.12140 
  1.962 4.00 80.0  -130.11330 -0.13603 -130.10522 -0.12820 -130.10953 -0.13207 
  1.962 3.75 80.0  -130.12602 -0.14934 -130.11624 -0.14013 -130.11868 -0.14178 
  1.962 3.50 80.0  -130.14508 -0.16891 -130.13276 -0.15768 -130.13164 -0.15533 

  1.962 7.00 100.0  -130.09286 -0.11384 -130.09241 -0.11337 -130.09247 -0.11344 
  1.962 6.50 100.0  -130.09309 -0.11410 -130.09253 -0.11352 -130.09268 -0.11368 
  1.962 6.00 100.0  -130.09349 -0.11454 -130.09273 -0.11376 -130.09308 -0.11412 
  1.962 5.50 100.0  -130.09434 -0.11549 -130.09305 -0.11417 -130.09389 -0.11504 
  1.962 5.00 100.0  -130.09625 -0.11762 -130.09372 -0.11501 -130.09564 -0.11698 
  1.962 4.50 100.0  -130.10084 -0.12267 -130.09582 -0.11759 -130.09958 -0.12134 
  1.962 4.00 100.0  -130.11254 -0.13531 -130.10436 -0.12731 -130.10869 -0.13127 
  1.962 3.75 100.0  -130.12378 -0.14716 -130.11420 -0.13808 -130.11667 -0.13984 
  1.962 3.50 100.0  -130.14017 -0.16409 -130.12877 -0.15368 -130.12759 -0.15140 

  1.962 7.00 120.0  -130.09305 -0.11405 -130.09229 -0.11326 -130.09234 -0.11332 
  1.962 6.50 120.0  -130.09324 -0.11427 -130.09235 -0.11335 -130.09246 -0.11347 
  1.962 6.00 120.0  -130.09346 -0.11454 -130.09241 -0.11345 -130.09267 -0.11374 
  1.962 5.50 120.0  -130.09389 -0.11508 -130.09242 -0.11355 -130.09307 -0.11423 
  1.962 5.00 120.0  -130.09487 -0.11630 -130.09229 -0.11363 -130.09380 -0.11518 
  1.962 4.50 120.0  -130.09721 -0.11914 -130.09227 -0.11409 -130.09530 -0.11713 
  1.962 4.00 120.0  -130.10377 -0.12673 -130.09546 -0.11857 -130.09895 -0.12171 
  1.962 3.75 120.0  -130.11076 -0.13440 -130.10116 -0.12539 -130.10246 -0.12593 
  1.962 3.50 120.0  -130.12154 -0.14579 -130.11124 -0.13676 -130.10765 -0.13196 

  1.962 7.00 140.0  -130.09333 -0.11437 -130.09214 -0.11312 -130.09216 -0.11315 
  1.962 6.50 140.0  -130.09346 -0.11453 -130.09205 -0.11307 -130.09209 -0.11312 
  1.962 6.00 140.0  -130.09335 -0.11448 -130.09178 -0.11287 -130.09187 -0.11296 
  1.962 5.50 140.0  -130.09274 -0.11400 -130.09098 -0.11219 -130.09120 -0.11242 
  1.962 5.00 140.0  -130.09130 -0.11286 -130.08889 -0.11039 -130.08942 -0.11093 
  1.962 4.50 140.0  -130.08849 -0.11072 -130.08425 -0.10645 -130.08534 -0.10749 
  1.962 4.00 140.0  -130.08518 -0.10879 -130.07784 -0.10191 -130.07779 -0.10133 
  1.962 3.75 140.0  -130.08546 -0.10995 -130.07830 -0.10407 -130.07327 -0.09788 
  1.962 3.50 140.0  -130.08925 -0.11415 -130.08712 -0.11414 -130.07025 -0.09597 

  1.962 7.00 160.0  -130.09363 -0.11471 -130.09197 -0.11297 -130.09195 -0.11296 
  1.962 6.50 160.0  -130.09370 -0.11483 -130.09169 -0.11275 -130.09163 -0.11268 
  1.962 6.00 160.0  -130.09319 -0.11440 -130.09092 -0.11208 -130.09075 -0.11190 
  1.962 5.50 160.0  -130.09112 -0.11247 -130.08892 -0.11030 -130.08849 -0.10985 
  1.962 5.00 160.0  -130.08566 -0.10738 -130.08410 -0.10597 -130.08302 -0.10484 
  1.962 4.50 160.0  -130.07419 -0.09692 -130.07379 -0.09696 -130.07078 -0.09368 
  1.962 4.00 160.0  -130.05458 -0.07950 -130.06049 -0.08647 -130.04774 -0.07287 
  1.962 3.75 160.0  -130.04388 -0.06929 -130.05976 -0.08665 -130.03353 -0.05942 
  1.962 3.50 160.0  -130.03166 -0.05716 -130.05882 -0.08547 -130.01889 -0.04575 

  1.962 7.00 180.0  -130.09378 -0.11488 -130.09186 -0.11295 -130.09182 -0.11291 
  1.962 6.50 180.0  -130.09382 -0.11497 -130.09148 -0.11263 -130.09136 -0.11251 
  1.962 6.00 180.0  -130.09310 -0.11435 -130.09044 -0.11171 -130.09012 -0.11139 
  1.962 5.50 180.0  -130.09028 -0.11167 -130.08780 -0.10935 -130.08699 -0.10851 
  1.962 5.00 180.0  -130.07597 -0.10094 -130.07795 -0.10296 -130.07947 -0.10156 
  1.962 4.50 180.0  -130.05939 -0.08521 -130.06417 -0.09100 -130.06264 -0.08615 
  1.962 4.00 180.0  -130.01532 -0.03857 -130.05543 -0.08170 -130.03117 -0.05647 
  1.962 3.75 180.0  -129.97923 -0.00407 -130.04268 -0.06866 -130.00408 -0.03002 
  1.962 3.50 180.0  -129.92388  0.04885 -130.00628 -0.03171 -129.95592  0.01784 

  1.962 100. 180.0  -130.09222 -0.11317 -130.09218 -0.11319 -130.09220 -0.11321 
  1.962 7.50 180.0  -130.09354 -0.11460 -130.09201 -0.11306 -130.09200 -0.11306 
  1.962 7.50 160.0  -130.09341 -0.11445 -130.09207 -0.11305 -130.09207 -0.11306 
  1.962 7.50 140.0  -130.09313 -0.11414 -130.09216 -0.11312 -130.09217 -0.11315 
file=onh.d




