  3

          40           19 
  1.50000000000000000       1.64102564102564097       1.78205128205128194
  1.92307692307692313       2.06410256410256387       2.20512820512820529 
  2.34615384615384626       2.48717948717948723       2.62820512820512819 
  2.76923076923076916       2.91025641025641013       3.05128205128205110   
  3.19230769230769251       3.33333333333333348       3.47435897435897445
  3.61538461538461542       3.75641025641025639       3.89743589743589736      
  4.03846153846153832       4.17948717948717974       4.32051282051282026     
  4.46153846153846168       4.60256410256410220       4.74358974358974361     
  4.88461538461538503       5.02564102564102555       5.16666666666666696     
  5.30769230769230749       5.44871794871794890       5.58974358974358942     
  5.73076923076923084       5.87179487179487136       6.01282051282051277     
  6.15384615384615419       6.29487179487179471       6.43589743589743613     
  6.57692307692307665       6.71794871794871806       6.85897435897435859     
  7.00000000000000000     

  0.000000000000000000E+00 
  .129652E+00  .128968E+00  .127730E+00  .125382E+00  .121372E+00  .115143E+00  .106142E+00  .938145E-01  .776053E-01  .569659E-01
  .345672E-01  .215341E-01  .228650E-01  .327633E-01  .446022E-01  .524750E-01  .554965E-01  .549201E-01  .520040E-01  .476981E-01
  .423899E-01  .364073E-01  .300778E-01  .237292E-01  .176891E-01  .122850E-01  .773796E-02  .401997E-02  .106725E-02 -.118398E-02
 -.279747E-02 -.383701E-02 -.436637E-02 -.444931E-02 -.414963E-02 -.353107E-02 -.265743E-02 -.159247E-02 -.399959E-03  .856321E-03
  .262052E+01  .252426E+01  .243151E+01  .234579E+01  .227061E+01  .220948E+01  .216592E+01  .214343E+01  .214554E+01  .217575E+01
  .223322E+01  .230551E+01  .237623E+01  .242612E+01  .243570E+01  .238986E+01  .230393E+01  .220618E+01  .212483E+01  .207670E+01
  .205780E+01  .206195E+01  .208295E+01  .211460E+01  .215071E+01  .218510E+01  .221338E+01  .223543E+01  .225173E+01  .226275E+01
  .226897E+01  .227088E+01  .226896E+01  .226367E+01  .225551E+01  .224496E+01  .223248E+01  .221857E+01  .220370E+01  .218834E+01
  .102640E+01  .108612E+01  .114121E+01  .118706E+01  .121906E+01  .123258E+01  .122301E+01  .118572E+01  .111610E+01  .100957E+01
  .884369E+00  .818941E+00  .860226E+00  .995709E+00  .120830E+01  .147781E+01  .176237E+01  .201087E+01  .217244E+01  .222057E+01
  .217325E+01  .205322E+01  .188321E+01  .168594E+01  .148414E+01  .130053E+01  .115094E+01  .103508E+01  .950362E+00  .894192E+00
  .863972E+00  .857108E+00  .871006E+00  .903068E+00  .950702E+00  .101131E+01  .108230E+01  .116107E+01  .124504E+01  .133160E+01
  .826237E+00  .807672E+00  .790542E+00  .776285E+00  .766336E+00  .762132E+00  .765109E+00  .776702E+00  .798349E+00  .831445E+00
  .854364E+00  .785307E+00  .599215E+00  .366719E+00  .165812E+00  .638156E-01  .536372E-01  .964974E-01  .153637E+00  .199755E+00
  .234114E+00  .258589E+00  .275056E+00  .285390E+00  .291469E+00  .295165E+00  .297860E+00  .299781E+00  .300985E+00  .301534E+00
  .301486E+00  .300902E+00  .299841E+00  .298362E+00  .296525E+00  .294391E+00  .292017E+00  .289465E+00  .286794E+00  .284063E+00

   10.0000000000000000     
  .137340E+00  .161712E+00  .183137E+00  .198673E+00  .205373E+00  .200292E+00  .180484E+00  .143005E+00  .890354E-01  .414393E-01
  .197353E-01  .155596E-01  .196649E-01  .281521E-01  .375331E-01  .446666E-01  .488264E-01  .503156E-01  .494410E-01  .465541E-01
  .420873E-01  .364816E-01  .301781E-01  .236176E-01  .172412E-01  .114894E-01  .666435E-02  .274304E-02 -.344023E-03 -.266635E-02
 -.429347E-02 -.529491E-02 -.574017E-02 -.569879E-02 -.524028E-02 -.443417E-02 -.334998E-02 -.205722E-02 -.625418E-03  .875903E-03
  .290646E+01  .271265E+01  .252821E+01  .236249E+01  .222485E+01  .212466E+01  .207129E+01  .207408E+01  .213360E+01  .220406E+01
  .224711E+01  .228442E+01  .232859E+01  .236489E+01  .237651E+01  .234992E+01  .229449E+01  .222932E+01  .217350E+01  .213852E+01
  .212203E+01  .212023E+01  .212931E+01  .214544E+01  .216481E+01  .218363E+01  .219917E+01  .221134E+01  .222038E+01  .222657E+01
  .223015E+01  .223140E+01  .223056E+01  .222791E+01  .222369E+01  .221818E+01  .221162E+01  .220429E+01  .219643E+01  .218832E+01
  .115506E+00  .129563E+00  .145588E+00  .165550E+00  .191415E+00  .225153E+00  .268731E+00  .324118E+00  .413658E+00  .666660E+00
  .111146E+01  .141700E+01  .140882E+01  .122240E+01  .101708E+01  .932362E+00  .969688E+00  .107167E+01  .118092E+01  .126079E+01
  .131247E+01  .134119E+01  .135218E+01  .135064E+01  .134182E+01  .133093E+01  .132173E+01  .131456E+01  .130925E+01  .130565E+01
  .130361E+01  .130298E+01  .130359E+01  .130529E+01  .130792E+01  .131134E+01  .131537E+01  .131988E+01  .132469E+01  .132966E+01
  .100605E+02  .122511E+02  .141749E+02  .155654E+02  .161557E+02  .156793E+02  .138693E+02  .104591E+02  .559754E+01  .161738E+01
  .337944E+00  .307268E+00  .322137E+00  .312409E+00  .295081E+00  .285222E+00  .284446E+00  .288637E+00  .293673E+00  .296913E+00
  .298418E+00  .298536E+00  .297615E+00  .296004E+00  .294051E+00  .292104E+00  .290411E+00  .288985E+00  .287805E+00  .286851E+00
  .286103E+00  .285539E+00  .285140E+00  .284885E+00  .284753E+00  .284723E+00  .284776E+00  .284890E+00  .285045E+00  .285221E+00

   20.0000000000000000     
  .129326E+00  .138456E+00  .145706E+00  .149195E+00  .147044E+00  .137372E+00  .118298E+00  .879426E-01  .473945E-01  .133477E-01
 -.229363E-03 -.275082E-03  .578397E-02  .147814E-01  .238784E-01  .305406E-01  .343555E-01  .358141E-01  .354106E-01  .335758E-01
  .306262E-01  .268662E-01  .225998E-01  .181314E-01  .137651E-01  .980496E-02  .645971E-02  .371518E-02  .152516E-02 -.156568E-03
 -.137620E-02 -.217996E-02 -.261404E-02 -.272465E-02 -.255802E-02 -.216034E-02 -.157782E-02 -.856675E-03 -.431126E-04  .816659E-03
  .262983E+01  .250922E+01  .239489E+01  .229315E+01  .221027E+01  .215255E+01  .212627E+01  .213773E+01  .218774E+01  .224840E+01
  .229323E+01  .232466E+01  .234559E+01  .235274E+01  .234235E+01  .231199E+01  .226835E+01  .222203E+01  .218360E+01  .215928E+01
  .214737E+01  .214534E+01  .215064E+01  .216073E+01  .217308E+01  .218515E+01  .219513E+01  .220295E+01  .220876E+01  .221274E+01
  .221506E+01  .221587E+01  .221535E+01  .221366E+01  .221098E+01  .220746E+01  .220327E+01  .219859E+01  .219357E+01  .218838E+01
  .691516E+00  .657927E+00  .628428E+00  .607107E+00  .598055E+00  .605361E+00  .633114E+00  .685404E+00  .763862E+00  .857175E+00
  .944403E+00  .990898E+00  .994106E+00  .100077E+01  .106141E+01  .121643E+01  .143546E+01  .165799E+01  .182368E+01  .189810E+01
  .189408E+01  .182949E+01  .172220E+01  .159008E+01  .145100E+01  .132282E+01  .121804E+01  .113666E+01  .107688E+01  .103691E+01
  .101493E+01  .100916E+01  .101779E+01  .103903E+01  .107106E+01  .111209E+01  .116033E+01  .121397E+01  .127120E+01  .133024E+01
  .179222E+01  .204158E+01  .226059E+01  .241887E+01  .248607E+01  .243183E+01  .222579E+01  .183759E+01  .127812E+01  .775146E+00
  .517730E+00  .402471E+00  .331790E+00  .285859E+00  .250830E+00  .214711E+00  .178460E+00  .148548E+00  .131435E+00  .130348E+00
  .142609E+00  .164915E+00  .193961E+00  .226442E+00  .259055E+00  .288497E+00  .312477E+00  .331070E+00  .344690E+00  .353751E+00
  .358668E+00  .359855E+00  .357727E+00  .352698E+00  .345182E+00  .335594E+00  .324349E+00  .311861E+00  .298543E+00  .284811E+00

   30.0000000000000000     
  .130537E+00  .155264E+00  .174564E+00  .183010E+00  .175174E+00  .145629E+00  .911805E-01  .331910E-01  .153374E-02 -.896917E-02
 -.112288E-01 -.793585E-02 -.628668E-03  .838200E-02  .167260E-01  .223177E-01  .250564E-01  .256866E-01  .249539E-01  .234141E-01
  .212765E-01  .187132E-01  .158966E-01  .129990E-01  .101927E-01  .764982E-02  .548799E-02  .369702E-02  .224838E-02  .111355E-02
  .263995E-03 -.328810E-03 -.693393E-03 -.858283E-03 -.852005E-03 -.703089E-03 -.440062E-03 -.914510E-04  .314215E-03  .748409E-03
  .262004E+01  .247473E+01  .234136E+01  .223186E+01  .215816E+01  .213220E+01  .216266E+01  .222234E+01  .226919E+01  .229938E+01
  .231968E+01  .233134E+01  .233434E+01  .232815E+01  .231217E+01  .228640E+01  .225485E+01  .222323E+01  .219722E+01  .218012E+01
  .217083E+01  .216780E+01  .216946E+01  .217425E+01  .218062E+01  .218701E+01  .219231E+01  .219645E+01  .219953E+01  .220164E+01
  .220286E+01  .220327E+01  .220298E+01  .220207E+01  .220063E+01  .219874E+01  .219650E+01  .219399E+01  .219130E+01  .218853E+01
  .112877E+01  .112544E+01  .112285E+01  .112171E+01  .112278E+01  .112677E+01  .113494E+01  .115425E+01  .119403E+01  .125750E+01
  .133460E+01  .138592E+01  .139616E+01  .139164E+01  .140190E+01  .145136E+01  .152882E+01  .160792E+01  .166235E+01  .167718E+01
  .165825E+01  .161363E+01  .155136E+01  .147950E+01  .140610E+01  .133922E+01  .128444E+01  .124169E+01  .121002E+01  .118852E+01
  .117627E+01  .117232E+01  .117578E+01  .118570E+01  .120117E+01  .122126E+01  .124504E+01  .127160E+01  .130000E+01  .132933E+01
  .630108E+00  .676320E+00  .712369E+00  .728093E+00  .713328E+00  .657912E+00  .554806E+00  .431359E+00  .329263E+00  .253888E+00
  .199869E+00  .165203E+00  .147020E+00  .140398E+00  .140259E+00  .142087E+00  .145299E+00  .150984E+00  .160231E+00  .173423E+00
  .189653E+00  .207877E+00  .227052E+00  .246134E+00  .264078E+00  .279843E+00  .292727E+00  .302830E+00  .310364E+00  .315545E+00
  .318585E+00  .319700E+00  .319103E+00  .317008E+00  .313629E+00  .309180E+00  .303876E+00  .297929E+00  .291554E+00  .284965E+00

   40.0000000000000000     
  .139488E+00  .128108E+00  .115348E+00  .998287E-01  .801702E-01  .549930E-01  .238302E-01 -.373458E-02 -.152355E-01 -.157018E-01
 -.130904E-01 -.779946E-02 -.779197E-04  .824508E-02  .152189E-01  .191615E-01  .202643E-01  .195168E-01  .179078E-01  .161157E-01
  .142509E-01  .123638E-01  .105046E-01  .872353E-02  .707084E-02  .559670E-02  .433349E-02  .327169E-02  .239583E-02  .169040E-02
  .113991E-02  .728866E-03  .441776E-03  .263146E-03  .177479E-03  .169284E-03  .223064E-03  .323327E-03  .454578E-03  .601324E-03
  .265614E+01  .254576E+01  .244379E+01  .235866E+01  .229878E+01  .227257E+01  .228593E+01  .231700E+01  .233380E+01  .234144E+01
  .234994E+01  .234990E+01  .233579E+01  .231224E+01  .228462E+01  .225791E+01  .223420E+01  .221435E+01  .219920E+01  .218904E+01
  .218315E+01  .218069E+01  .218084E+01  .218274E+01  .218558E+01  .218851E+01  .219094E+01  .219284E+01  .219423E+01  .219517E+01
  .219570E+01  .219585E+01  .219567E+01  .219521E+01  .219449E+01  .219356E+01  .219247E+01  .219126E+01  .218996E+01  .218862E+01
  .149710E+01  .151388E+01  .152698E+01  .153269E+01  .152732E+01  .150720E+01  .147232E+01  .146356E+01  .152005E+01  .153923E+01
  .144803E+01  .137492E+01  .139858E+01  .147842E+01  .156468E+01  .161342E+01  .162140E+01  .160273E+01  .157152E+01  .153754E+01
  .150260E+01  .146768E+01  .143377E+01  .140183E+01  .137284E+01  .134779E+01  .132729E+01  .131112E+01  .129896E+01  .129046E+01
  .128531E+01  .128315E+01  .128367E+01  .128651E+01  .129137E+01  .129788E+01  .130574E+01  .131459E+01  .132411E+01  .133397E+01
  .176949E+00  .180172E+00  .182687E+00  .183784E+00  .182754E+00  .178888E+00  .171225E+00  .156014E+00  .131937E+00  .119497E+00
  .131778E+00  .143213E+00  .138584E+00  .126696E+00  .118199E+00  .122283E+00  .137945E+00  .159847E+00  .182648E+00  .202858E+00
  .220351E+00  .235364E+00  .248132E+00  .258888E+00  .267869E+00  .275309E+00  .281404E+00  .286264E+00  .289982E+00  .292654E+00
  .294376E+00  .295241E+00  .295346E+00  .294785E+00  .293653E+00  .292046E+00  .290058E+00  .287786E+00  .285323E+00  .282765E+00

   50.0000000000000000     
  .894926E-01  .726134E-01  .559802E-01  .398390E-01  .244358E-01  .100166E-01 -.295927E-02 -.116842E-01 -.129268E-01 -.885720E-02
 -.279994E-02  .359259E-02  .931116E-02  .138724E-01  .168335E-01  .178499E-01  .172644E-01  .157125E-01  .138283E-01  .120366E-01
  .103791E-01  .885689E-02  .747119E-02  .622308E-02  .511367E-02  .414406E-02  .331238E-02  .260970E-02  .202610E-02  .155166E-02
  .117646E-02  .890564E-03  .684058E-03  .547015E-03  .469514E-03  .441629E-03  .453439E-03  .495018E-03  .556445E-03  .627795E-03
  .288589E+01  .275680E+01  .263534E+01  .252915E+01  .244585E+01  .239309E+01  .237650E+01  .237996E+01  .237817E+01  .236860E+01
  .235436E+01  .233367E+01  .230670E+01  .227757E+01  .225067E+01  .222989E+01  .221530E+01  .220538E+01  .219860E+01  .219383E+01
  .219070E+01  .218891E+01  .218814E+01  .218811E+01  .218851E+01  .218905E+01  .218949E+01  .218983E+01  .219007E+01  .219023E+01
  .219030E+01  .219030E+01  .219023E+01  .219010E+01  .218993E+01  .218971E+01  .218947E+01  .218920E+01  .218891E+01  .218861E+01
  .137930E+01  .143850E+01  .149270E+01  .153688E+01  .156604E+01  .157518E+01  .156099E+01  .153875E+01  .153060E+01  .153396E+01
  .154255E+01  .156180E+01  .159095E+01  .161754E+01  .162821E+01  .161191E+01  .157360E+01  .152506E+01  .147804E+01  .143999E+01
  .141045E+01  .138814E+01  .137176E+01  .136003E+01  .135165E+01  .134533E+01  .134012E+01  .133584E+01  .133240E+01  .132975E+01
  .132781E+01  .132651E+01  .132578E+01  .132554E+01  .132573E+01  .132628E+01  .132711E+01  .132815E+01  .132934E+01  .133059E+01
  .307102E-01  .452673E-01  .592448E-01  .720632E-01  .831429E-01  .919045E-01  .978106E-01  .100790E+00  .101284E+00  .100904E+00
  .101304E+00  .103227E+00  .107507E+00  .115321E+00  .127871E+00  .145988E+00  .167902E+00  .190736E+00  .211622E+00  .228800E+00
  .242538E+00  .253321E+00  .261631E+00  .267953E+00  .272770E+00  .276565E+00  .279703E+00  .282268E+00  .284304E+00  .285854E+00
  .286964E+00  .287677E+00  .288037E+00  .288089E+00  .287876E+00  .287442E+00  .286832E+00  .286090E+00  .285260E+00  .284385E+00

   60.0000000000000000     
  .886121E-01  .685764E-01  .492526E-01  .313528E-01  .156253E-01  .386714E-02 -.127295E-02 -.698424E-03  .271752E-02  .748889E-02
  .125072E-01  .164424E-01  .186011E-01  .192553E-01  .187512E-01  .174297E-01  .155922E-01  .135235E-01  .115074E-01  .972624E-02
  .817771E-02  .683972E-02  .569019E-02  .470707E-02  .386829E-02  .315180E-02  .253953E-02  .202279E-02  .159424E-02  .124653E-02
  .972309E-03  .764225E-03  .614930E-03  .517077E-03  .463317E-03  .446301E-03  .458680E-03  .493106E-03  .542229E-03  .598700E-03
  .285134E+01  .272129E+01  .260370E+01  .251106E+01  .245525E+01  .243109E+01  .241559E+01  .239932E+01  .238153E+01  .235959E+01
  .233202E+01  .230219E+01  .227340E+01  .224766E+01  .222688E+01  .221264E+01  .220409E+01  .219935E+01  .219655E+01  .219443E+01
  .219279E+01  .219156E+01  .219067E+01  .219003E+01  .218959E+01  .218926E+01  .218899E+01  .218877E+01  .218859E+01  .218846E+01
  .218837E+01  .218831E+01  .218828E+01  .218827E+01  .218830E+01  .218833E+01  .218839E+01  .218846E+01  .218853E+01  .218861E+01
  .137132E+01  .142859E+01  .147468E+01  .149838E+01  .148927E+01  .145830E+01  .143808E+01  .143510E+01  .144147E+01  .146257E+01
  .150094E+01  .153977E+01  .156598E+01  .157647E+01  .156887E+01  .154187E+01  .150144E+01  .145661E+01  .141639E+01  .138629E+01
  .136537E+01  .135199E+01  .134453E+01  .134138E+01  .134090E+01  .134147E+01  .134192E+01  .134212E+01  .134208E+01  .134182E+01
  .134137E+01  .134074E+01  .133996E+01  .133903E+01  .133800E+01  .133686E+01  .133564E+01  .133437E+01  .133305E+01  .133172E+01
  .317124E-01  .441434E-01  .569396E-01  .704661E-01  .850100E-01  .986136E-01  .107199E+00  .111045E+00  .112851E+00  .113482E+00
  .114078E+00  .118117E+00  .127537E+00  .141517E+00  .159023E+00  .178949E+00  .199710E+00  .219512E+00  .236571E+00  .249874E+00
  .259818E+00  .266950E+00  .271817E+00  .274966E+00  .276944E+00  .278298E+00  .279429E+00  .280399E+00  .281220E+00  .281904E+00
  .282464E+00  .282912E+00  .283261E+00  .283523E+00  .283711E+00  .283836E+00  .283912E+00  .283950E+00  .283964E+00  .283965E+00

   70.0000000000000000     
  .887304E-01  .636778E-01  .428972E-01  .290056E-01  .211967E-01  .181952E-01  .186698E-01  .212358E-01  .244990E-01  .271827E-01
  .283574E-01  .279252E-01  .261145E-01  .234262E-01  .203818E-01  .174564E-01  .148025E-01  .124345E-01  .103665E-01  .859770E-02
  .709987E-02  .584202E-02  .479313E-02  .392218E-02  .319814E-02  .259003E-02  .207352E-02  .163998E-02  .128303E-02  .996290E-03
  .773375E-03  .607904E-03  .493492E-03  .423758E-03  .392319E-03  .392793E-03  .418797E-03  .463948E-03  .521865E-03  .586164E-03
  .285584E+01  .267524E+01  .254779E+01  .249394E+01  .246746E+01  .244105E+01  .241748E+01  .239393E+01  .236438E+01  .232950E+01
  .229312E+01  .226159E+01  .223834E+01  .222204E+01  .221102E+01  .220365E+01  .219889E+01  .219595E+01  .219402E+01  .219255E+01
  .219144E+01  .219063E+01  .219006E+01  .218967E+01  .218942E+01  .218924E+01  .218909E+01  .218896E+01  .218886E+01  .218878E+01
  .218871E+01  .218866E+01  .218863E+01  .218861E+01  .218860E+01  .218860E+01  .218861E+01  .218862E+01  .218863E+01  .218865E+01
  .137226E+01  .133029E+01  .132156E+01  .135069E+01  .136471E+01  .134845E+01  .133586E+01  .134519E+01  .138161E+01  .144172E+01
  .151129E+01  .155497E+01  .155570E+01  .152769E+01  .148751E+01  .145019E+01  .141970E+01  .139534E+01  .137639E+01  .136213E+01
  .135187E+01  .134492E+01  .134061E+01  .133823E+01  .133711E+01  .133657E+01  .133609E+01  .133562E+01  .133515E+01  .133470E+01
  .133424E+01  .133380E+01  .133335E+01  .133291E+01  .133247E+01  .133204E+01  .133161E+01  .133118E+01  .133075E+01  .133032E+01
  .615821E-01  .669449E-01  .917125E-01  .102565E+00  .110919E+00  .121226E+00  .128346E+00  .130433E+00  .128517E+00  .126316E+00
  .128081E+00  .137109E+00  .153859E+00  .174956E+00  .196726E+00  .215866E+00  .231652E+00  .244458E+00  .254660E+00  .262614E+00
  .268633E+00  .273026E+00  .276104E+00  .278176E+00  .279550E+00  .280538E+00  .281366E+00  .282071E+00  .282663E+00  .283151E+00
  .283545E+00  .283853E+00  .284087E+00  .284254E+00  .284364E+00  .284427E+00  .284453E+00  .284450E+00  .284429E+00  .284398E+00

   80.0000000000000000     
  .818679E-01  .616762E-01  .471698E-01  .410757E-01  .400569E-01  .415486E-01  .446248E-01  .475311E-01  .482294E-01  .461796E-01
  .417469E-01  .363864E-01  .311497E-01  .262506E-01  .218389E-01  .180434E-01  .148473E-01  .121718E-01  .993806E-02  .807910E-02
  .654946E-02  .530602E-02  .430567E-02  .350528E-02  .286172E-02  .233192E-02  .188298E-02  .150594E-02  .119526E-02  .945421E-03
  .750888E-03  .606131E-03  .505618E-03  .443820E-03  .415205E-03  .414244E-03  .435405E-03  .473157E-03  .521971E-03  .576316E-03
  .261650E+01  .258211E+01  .254496E+01  .250652E+01  .247670E+01  .245474E+01  .242736E+01  .238730E+01  .233440E+01  .228379E+01
  .224921E+01  .222733E+01  .221356E+01  .220549E+01  .220090E+01  .219774E+01  .219531E+01  .219347E+01  .219208E+01  .219103E+01
  .219028E+01  .218976E+01  .218944E+01  .218926E+01  .218917E+01  .218912E+01  .218908E+01  .218904E+01  .218901E+01  .218897E+01
  .218894E+01  .218890E+01  .218887E+01  .218884E+01  .218881E+01  .218878E+01  .218875E+01  .218872E+01  .218870E+01  .218867E+01
  .121818E+01  .120914E+01  .122524E+01  .126301E+01  .126224E+01  .122400E+01  .122285E+01  .129582E+01  .143780E+01  .155750E+01
  .157996E+01  .154864E+01  .150486E+01  .145875E+01  .141804E+01  .138942E+01  .137215E+01  .136237E+01  .135621E+01  .135107E+01
  .134663E+01  .134283E+01  .133961E+01  .133690E+01  .133464E+01  .133277E+01  .133124E+01  .133001E+01  .132907E+01  .132839E+01
  .132794E+01  .132771E+01  .132766E+01  .132779E+01  .132805E+01  .132843E+01  .132891E+01  .132946E+01  .133005E+01  .133067E+01
  .122016E+00  .121614E+00  .122344E+00  .126319E+00  .137341E+00  .149677E+00  .148168E+00  .134591E+00  .121495E+00  .121134E+00
  .139299E+00  .164985E+00  .189482E+00  .211354E+00  .229725E+00  .243883E+00  .254270E+00  .261816E+00  .267454E+00  .271857E+00
  .275235E+00  .277747E+00  .279554E+00  .280815E+00  .281689E+00  .282336E+00  .282874E+00  .283324E+00  .283691E+00  .283985E+00
  .284210E+00  .284374E+00  .284484E+00  .284546E+00  .284567E+00  .284554E+00  .284514E+00  .284454E+00  .284380E+00  .284299E+00

   90.0000000000000000     
  .834307E-01  .611725E-01  .540853E-01  .516526E-01  .538561E-01  .602355E-01  .693527E-01  .752370E-01  .711779E-01  .612004E-01
  .511436E-01  .422482E-01  .347367E-01  .284625E-01  .232501E-01  .189296E-01  .153676E-01  .124460E-01  .100474E-01  .807604E-02
  .647661E-02  .519798E-02  .418906E-02  .339874E-02  .277592E-02  .226953E-02  .184095E-02  .148074E-02  .118362E-02  .944359E-03
  .757681E-03  .618332E-03  .521052E-03  .460584E-03  .431668E-03  .429046E-03  .447458E-03  .481647E-03  .526353E-03  .576318E-03
  .267661E+01  .260161E+01  .255623E+01  .253159E+01  .252295E+01  .251337E+01  .247366E+01  .239748E+01  .229912E+01  .222437E+01
  .220486E+01  .220715E+01  .220552E+01  .220067E+01  .219535E+01  .219197E+01  .219066E+01  .219057E+01  .219084E+01  .219093E+01
  .219082E+01  .219055E+01  .219018E+01  .218976E+01  .218932E+01  .218892E+01  .218860E+01  .218833E+01  .218814E+01  .218800E+01
  .218792E+01  .218788E+01  .218788E+01  .218793E+01  .218800E+01  .218810E+01  .218823E+01  .218836E+01  .218851E+01  .218867E+01
  .120548E+01  .126094E+01  .121151E+01  .100030E+01  .828965E+00  .813060E+00  .936970E+00  .120486E+01  .159016E+01  .181734E+01
  .169851E+01  .149544E+01  .139523E+01  .137113E+01  .137994E+01  .138301E+01  .137341E+01  .135773E+01  .134255E+01  .133203E+01
  .132581E+01  .132305E+01  .132292E+01  .132459E+01  .132722E+01  .132999E+01  .133230E+01  .133411E+01  .133545E+01  .133637E+01
  .133690E+01  .133708E+01  .133696E+01  .133656E+01  .133593E+01  .133511E+01  .133414E+01  .133305E+01  .133188E+01  .133067E+01
 1.152859E-01 1.306511E-01  .139457E+00  .259338E+00  .347938E+00  .341360E+00  .240916E+00  .123757E+00 1.202483E-01  .117322E+00
  .159623E+00  .197523E+00  .223918E+00  .241189E+00  .252441E+00  .260542E+00  .266662E+00  .271251E+00  .274755E+00  .277505E+00
  .279621E+00  .281198E+00  .282334E+00  .283126E+00  .283670E+00  .284062E+00  .284376E+00  .284623E+00  .284810E+00  .284941E+00
  .285021E+00  .285056E+00  .285050E+00  .285009E+00  .284937E+00  .284840E+00  .284722E+00  .284590E+00  .284447E+00  .284299E+00

   100.000000000000000     
  .933568E-01  .694853E-01  .507280E-01  .494871E-01  .526671E-01  .596642E-01  .726413E-01  .849180E-01  .861823E-01  .763813E-01
  .600401E-01  .447847E-01  .348230E-01  .287231E-01  .246194E-01  .208397E-01  .170583E-01  .135232E-01  .104834E-01  .807579E-02
  .623272E-02  .486475E-02  .388248E-02  .319646E-02  .271729E-02  .235563E-02  .204554E-02  .177601E-02  .154393E-02  .134618E-02
  .117964E-02  .104118E-02  .927693E-03  .836048E-03  .763126E-03  .705808E-03  .660972E-03  .625499E-03  .596267E-03  .570156E-03
  .271165E+01  .263485E+01  .257811E+01  .254963E+01  .253367E+01  .253010E+01  .255198E+01  .252728E+01  .237160E+01  .221578E+01
  .218553E+01  .220457E+01  .220945E+01  .220310E+01  .219354E+01  .218788E+01  .218682E+01  .218831E+01  .219032E+01  .219154E+01
  .219200E+01  .219186E+01  .219128E+01  .219042E+01  .218945E+01  .218853E+01  .218778E+01  .218720E+01  .218677E+01  .218649E+01
  .218634E+01  .218630E+01  .218637E+01  .218653E+01  .218677E+01  .218708E+01  .218743E+01  .218783E+01  .218825E+01  .218868E+01
  .110636E+01  .108482E+01  .111632E+01  .119700E+01  .120764E+01  .108229E+01  .844365E+00  .664519E+00  .745034E+00  .989376E+00
  .123195E+01  .138648E+01  .142756E+01  .139836E+01  .134732E+01  .131740E+01  .131333E+01  .132355E+01  .133649E+01  .134473E+01
  .134841E+01  .134848E+01  .134588E+01  .134158E+01  .133651E+01  .133162E+01  .132759E+01  .132444E+01  .132211E+01  .132052E+01
  .131960E+01  .131930E+01  .131954E+01  .132025E+01  .132137E+01  .132283E+01  .132455E+01  .132649E+01  .132855E+01  .133069E+01
  .107074E+00  .139854E+00  .149591E+00  .136489E+00  .147351E+00  .192863E+00  .238086E+00  .264829E+00  .269827E+00  .265659E+00
  .264987E+00  .266971E+00  .269609E+00  .272433E+00  .275094E+00  .277282E+00  .278970E+00  .280252E+00  .281221E+00  .281953E+00
  .282484E+00  .282851E+00  .283087E+00  .283228E+00  .283309E+00  .283364E+00  .283419E+00  .283476E+00  .283535E+00  .283597E+00
  .283661E+00  .283726E+00  .283793E+00  .283861E+00  .283931E+00  .284001E+00  .284072E+00  .284144E+00  .284216E+00  .284289E+00

   110.000000000000000     
  .115520E+00  .783357E-01  .417803E-01  .337822E-01  .364099E-01  .399871E-01  .473624E-01  .573156E-01  .654970E-01  .665687E-01
  .582842E-01  .474210E-01  .387528E-01  .320372E-01  .266456E-01  .220067E-01  .179465E-01  .144600E-01  .115427E-01  .916866E-02
  .727307E-02  .578683E-02  .464088E-02  .376616E-02  .309360E-02  .255422E-02  .209627E-02  .170854E-02  .138563E-02  .112213E-02
  .912655E-03  .751790E-03  .634136E-03  .554294E-03  .506860E-03  .486435E-03  .487615E-03  .505000E-03  .533188E-03  .566778E-03
  .301111E+01  .274894E+01  .258322E+01  .254679E+01  .254329E+01  .252744E+01  .252425E+01  .250123E+01  .240744E+01  .229505E+01
  .222509E+01  .219160E+01  .218075E+01  .218333E+01  .219049E+01  .219436E+01  .219398E+01  .219135E+01  .218847E+01  .218661E+01
  .218572E+01  .218559E+01  .218602E+01  .218683E+01  .218780E+01  .218875E+01  .218953E+01  .219013E+01  .219058E+01  .219088E+01
  .219104E+01  .219108E+01  .219102E+01  .219086E+01  .219062E+01  .219032E+01  .218996E+01  .218956E+01  .218914E+01  .218870E+01
 1.094747E+00 1.090024E+00  .115441E+01  .116931E+01  .114188E+01  .108946E+01  .931251E+00  .841784E+00  .107166E+01  .142094E+01
  .163053E+01  .168051E+01  .160818E+01  .147625E+01  .134938E+01  .128388E+01  .127774E+01  .130411E+01  .133617E+01  .135672E+01
  .136620E+01  .136690E+01  .136113E+01  .135118E+01  .133936E+01  .132795E+01  .131860E+01  .131137E+01  .130608E+01  .130259E+01
  .130072E+01  .130031E+01  .130121E+01  .130324E+01  .130625E+01  .131007E+01  .131455E+01  .131951E+01  .132479E+01  .133024E+01
  .128293E+00  .126161E+00  .129968E+00  .140804E+00  .150418E+00  .168885E+00  .220796E+00  .249177E+00  .178609E+00  .105454E+00
  .125463E+00  .182207E+00  .226900E+00  .257829E+00  .276900E+00  .286126E+00  .288263E+00  .286382E+00  .283546E+00  .281731E+00
  .280935E+00  .280945E+00  .281546E+00  .282527E+00  .283673E+00  .284771E+00  .285671E+00  .286367E+00  .286874E+00  .287209E+00
  .287388E+00  .287425E+00  .287336E+00  .287138E+00  .286846E+00  .286475E+00  .286042E+00  .285561E+00  .285050E+00  .284522E+00

   120.000000000000000     
  .135578E+00  .925809E-01  .571346E-01  .340031E-01  .221672E-01  .193093E-01  .225419E-01  .299150E-01  .396268E-01  .474978E-01
  .501026E-01  .481259E-01  .429921E-01  .362110E-01  .292996E-01  .236029E-01  .192696E-01  .159390E-01  .132494E-01  .109477E-01
  .897786E-02  .730529E-02  .589522E-02  .471288E-02  .372352E-02  .289243E-02  .219183E-02  .161021E-02  .113843E-02  .767335E-03
  .487771E-03  .290585E-03  .166624E-03  .106735E-03  .101764E-03  .142559E-03  .219967E-03  .324834E-03  .448007E-03  .580333E-03
  .302225E+01  .277342E+01  .260474E+01  .254749E+01  .253329E+01  .252090E+01  .251241E+01  .249793E+01  .246142E+01  .240143E+01
  .232722E+01  .226349E+01  .222403E+01  .220326E+01  .219413E+01  .219013E+01  .218862E+01  .218858E+01  .218903E+01  .218930E+01
  .218938E+01  .218931E+01  .218913E+01  .218888E+01  .218861E+01  .218836E+01  .218816E+01  .218801E+01  .218790E+01  .218784E+01
  .218782E+01  .218783E+01  .218787E+01  .218794E+01  .218803E+01  .218814E+01  .218827E+01  .218840E+01  .218855E+01  .218870E+01
 1.040427E+00 1.133139E+00  .120178E+01  .122229E+01  .127087E+01  .123191E+01  .111296E+01  .107530E+01  .128218E+01  .140924E+01
  .119877E+01  .995335E+00  .102141E+01  .118143E+01  .135535E+01  .143810E+01  .142890E+01  .137138E+01  .130920E+01  .127005E+01
  .125252E+01  .125211E+01  .126430E+01  .128459E+01  .130847E+01  .133144E+01  .135032E+01  .136497E+01  .137573E+01  .138292E+01
  .138687E+01  .138789E+01  .138632E+01  .138248E+01  .137670E+01  .136929E+01  .136058E+01  .135090E+01  .134057E+01  .132991E+01
  .116715E+00  .116812E+00  .116641E+00  .116423E+00  .117585E+00  .127406E+00  .155155E+00  .161474E+00  .104178E+00  .852739E-01
  .182186E+00  .281278E+00  .307879E+00  .288560E+00  .257681E+00  .245512E+00  .253823E+00  .272249E+00  .290415E+00  .301815E+00
  .306990E+00  .307235E+00  .303843E+00  .298108E+00  .291323E+00  .284780E+00  .279397E+00  .275207E+00  .272119E+00  .270041E+00
  .268881E+00  .268547E+00  .268948E+00  .269992E+00  .271587E+00  .273641E+00  .276062E+00  .278758E+00  .281638E+00  .284610E+00

   130.000000000000000     
  .141575E+00  .153729E+00  .134182E+00  .774678E-01  .311583E-01  .149570E-01  .108142E-01  .117341E-01  .182738E-01  .280466E-01
  .375229E-01  .428505E-01  .425072E-01  .383903E-01  .326601E-01  .272683E-01  .227112E-01  .188653E-01  .156052E-01  .128306E-01
  .104867E-01  .852400E-02  .689276E-02  .554332E-02  .442597E-02  .349109E-02  .269979E-02  .203845E-02  .149707E-02  .106566E-02
  .734216E-03  .492744E-03  .331247E-03  .239729E-03  .208191E-03  .226638E-03  .285073E-03  .373498E-03  .481917E-03  .600333E-03
  .278651E+01  .264756E+01  .254547E+01  .249858E+01  .248713E+01  .249107E+01  .249625E+01  .249828E+01  .249506E+01  .246554E+01
  .239841E+01  .232477E+01  .226718E+01  .222593E+01  .219961E+01  .218654E+01  .218326E+01  .218558E+01  .218929E+01  .219168E+01
  .219274E+01  .219275E+01  .219198E+01  .219073E+01  .218926E+01  .218785E+01  .218670E+01  .218583E+01  .218520E+01  .218479E+01
  .218460E+01  .218458E+01  .218474E+01  .218503E+01  .218546E+01  .218598E+01  .218659E+01  .218726E+01  .218797E+01  .218870E+01
  .136165E+01  .140811E+01  .142521E+01  .139876E+01  .124620E+01  .122877E+01  .120941E+01  .115863E+01  .113192E+01  .124578E+01
  .153493E+01  .176584E+01  .180207E+01  .171006E+01  .157189E+01  .146105E+01  .139125E+01  .135074E+01  .132772E+01  .131383E+01
  .130695E+01  .130566E+01  .130853E+01  .131412E+01  .132099E+01  .132773E+01  .133331E+01  .133769E+01  .134095E+01  .134319E+01
  .134450E+01  .134498E+01  .134472E+01  .134381E+01  .134234E+01  .134041E+01  .133811E+01  .133553E+01  .133277E+01  .132991E+01
 0.723076E-01 0.826028E-01 0.899212E-01 0.976612E-01  .131646E+00  .138357E+00  .143158E+00  .146585E+00  .134889E+00  .107039E+00
  .733256E-01  .625675E-01  .875987E-01  .133921E+00  .184935E+00  .225820E+00  .254181E+00  .272907E+00  .284903E+00  .292357E+00
  .296150E+00  .297023E+00  .295719E+00  .292980E+00  .289546E+00  .286159E+00  .283347E+00  .281135E+00  .279478E+00  .278328E+00
  .277640E+00  .277368E+00  .277465E+00  .277886E+00  .278583E+00  .279512E+00  .280625E+00  .281876E+00  .283220E+00  .284610E+00

   140.000000000000000     
  .140792E+00  .120985E+00  .101236E+00  .816026E-01  .621434E-01  .429161E-01  .243814E-01  .114324E-01  .100126E-01  .171862E-01
  .273867E-01  .358722E-01  .401673E-01  .408527E-01  .387441E-01  .346580E-01  .294168E-01  .238452E-01  .187648E-01  .146780E-01
  .115049E-01  .910364E-02  .733235E-02  .604918E-02  .511226E-02  .437985E-02  .374701E-02  .319513E-02  .271797E-02  .230931E-02
  .196292E-02  .167258E-02  .143205E-02  .123512E-02  .107555E-02  .947113E-03  .843587E-03  .758743E-03  .686353E-03  .620191E-03
  .269158E+01  .260314E+01  .252235E+01  .245685E+01  .241428E+01  .240228E+01  .242618E+01  .246589E+01  .249019E+01  .249206E+01
  .247160E+01  .242652E+01  .236141E+01  .229125E+01  .223181E+01  .219662E+01  .218351E+01  .218364E+01  .218817E+01  .219129E+01
  .219275E+01  .219291E+01  .219210E+01  .219067E+01  .218896E+01  .218732E+01  .218598E+01  .218497E+01  .218424E+01  .218379E+01
  .218358E+01  .218359E+01  .218380E+01  .218418E+01  .218471E+01  .218535E+01  .218610E+01  .218692E+01  .218779E+01  .218868E+01
  .108670E+01  .105474E+01  .102981E+01  .101893E+01  .102915E+01  .106747E+01  .113591E+01  .118104E+01  .114932E+01  .116642E+01
  .131722E+01  .142265E+01  .138109E+01  .126483E+01  .115949E+01  .113901E+01  .119581E+01  .128758E+01  .137206E+01  .142309E+01
  .144393E+01  .144097E+01  .142060E+01  .138920E+01  .135317E+01  .131888E+01  .129086E+01  .126923E+01  .125351E+01  .124320E+01
  .123781E+01  .123685E+01  .123982E+01  .124625E+01  .125562E+01  .126746E+01  .128126E+01  .129654E+01  .131280E+01  .132956E+01
  .266680E+00  .294547E+00  .316287E+00  .325769E+00  .316865E+00  .283447E+00  .222421E+00  .164101E+00  .145447E+00  .129841E+00
  .882448E-01  .758189E-01  .121276E+00  .195404E+00  .264541E+00  .299468E+00  .301985E+00  .287101E+00  .269817E+00  .259683E+00
  .256296E+00  .258198E+00  .263927E+00  .272023E+00  .281026E+00  .289477E+00  .296348E+00  .301616E+00  .305404E+00  .307837E+00
  .309037E+00  .309128E+00  .308233E+00  .306475E+00  .303977E+00  .300863E+00  .297256E+00  .293279E+00  .289055E+00  .284709E+00

   150.000000000000000     
  .137048E+00  .142645E+00  .145337E+00  .142218E+00  .130385E+00  .106931E+00  .703732E-01  .348651E-01  .196950E-01  .203339E-01
  .266345E-01  .344367E-01  .413409E-01  .460524E-01  .473614E-01  .443394E-01  .380196E-01  .302706E-01  .229569E-01  .172428E-01
  .130149E-01  .100236E-01  .801932E-02  .675251E-02  .597366E-02  .543346E-02  .494961E-02  .449714E-02  .407364E-02  .367670E-02
  .330389E-02  .295281E-02  .262105E-02  .230618E-02  .200579E-02  .171747E-02  .143881E-02  .116739E-02  .900804E-03  .636627E-03
  .265614E+01  .253706E+01  .242886E+01  .234242E+01  .228863E+01  .227838E+01  .231945E+01  .238565E+01  .243722E+01  .247360E+01
  .249664E+01  .248051E+01  .241753E+01  .233273E+01  .225363E+01  .220423E+01  .218381E+01  .218115E+01  .218500E+01  .218794E+01
  .218952E+01  .219001E+01  .218969E+01  .218883E+01  .218771E+01  .218662E+01  .218574E+01  .218509E+01  .218465E+01  .218440E+01
  .218433E+01  .218441E+01  .218463E+01  .218498E+01  .218543E+01  .218596E+01  .218657E+01  .218723E+01  .218792E+01  .218863E+01
  .872940E+00  .836540E+00  .808146E+00  .795761E+00  .807390E+00  .851040E+00  .930752E+00  .100696E+01  .103220E+01  .105911E+01
  .112921E+01  .116743E+01  .113644E+01  .108071E+01  .105103E+01  .109015E+01  .118509E+01  .129908E+01  .139544E+01  .145211E+01
  .147371E+01  .146773E+01  .144165E+01  .140295E+01  .135910E+01  .131758E+01  .128367E+01  .125750E+01  .123849E+01  .122603E+01
  .121954E+01  .121841E+01  .122204E+01  .122985E+01  .124124E+01  .125560E+01  .127235E+01  .129089E+01  .131062E+01  .133095E+01
  .657086E+00  .737104E+00  .799525E+00  .826752E+00  .801186E+00  .705230E+00  .528832E+00  .344977E+00  .250743E+00  .200126E+00
  .137850E+00  .109146E+00  .139011E+00  .199557E+00  .258829E+00  .289002E+00  .291034E+00  .278144E+00  .263549E+00  .255627E+00
  .253935E+00  .257089E+00  .263707E+00  .272405E+00  .281800E+00  .290510E+00  .297564E+00  .302952E+00  .306801E+00  .309241E+00
  .310398E+00  .310403E+00  .309381E+00  .307463E+00  .304776E+00  .301447E+00  .297606E+00  .293381E+00  .288899E+00  .284289E+00

   160.000000000000000     
  .129254E+00  .166098E+00  .196701E+00  .214822E+00  .214220E+00  .188653E+00  .134385E+00  .752605E-01  .446895E-01  .367959E-01
  .369919E-01  .420251E-01  .497595E-01  .569701E-01  .603479E-01  .571568E-01  .486549E-01  .378015E-01  .275506E-01  .197462E-01
  .142059E-01  .105315E-01  .832515E-02  .718865E-02  .672398E-02  .653350E-02  .632846E-02  .607584E-02  .577932E-02  .544254E-02
  .506917E-02  .466287E-02  .422729E-02  .376609E-02  .328294E-02  .278150E-02  .226541E-02  .173835E-02  .120397E-02  .665933E-03
  .263185E+01  .248081E+01  .234366E+01  .223430E+01  .216661E+01  .215448E+01  .220790E+01  .229378E+01  .236302E+01  .242213E+01
  .247759E+01  .248733E+01  .243415E+01  .234802E+01  .226255E+01  .220722E+01  .218271E+01  .217744E+01  .217982E+01  .218214E+01
  .218378E+01  .218485E+01  .218549E+01  .218580E+01  .218592E+01  .218598E+01  .218604E+01  .218614E+01  .218626E+01  .218640E+01
  .218657E+01  .218675E+01  .218695E+01  .218716E+01  .218739E+01  .218762E+01  .218787E+01  .218812E+01  .218838E+01  .218863E+01
  .627343E+00  .578979E+00  .541251E+00  .524795E+00  .540247E+00  .598244E+00  .705490E+00  .825432E+00  .904577E+00  .940933E+00
  .947343E+00  .931008E+00  .905646E+00  .895675E+00  .926334E+00  .101740E+01  .115054E+01  .129122E+01  .140496E+01  .147163E+01
  .149719E+01  .149042E+01  .146007E+01  .141489E+01  .136366E+01  .131512E+01  .127546E+01  .124485E+01  .122258E+01  .120798E+01
  .120033E+01  .119894E+01  .120312E+01  .121217E+01  .122540E+01  .124211E+01  .126160E+01  .128318E+01  .130615E+01  .132982E+01
  .215872E+01  .250965E+01  .278340E+01  .290281E+01  .279068E+01  .236986E+01  .159731E+01  .805962E+00  .444798E+00  .351644E+00
  .266844E+00  .207922E+00  .203235E+00  .230896E+00  .265157E+00  .283369E+00  .284491E+00  .276686E+00  .268121E+00  .263950E+00
  .263831E+00  .266838E+00  .272045E+00  .278526E+00  .285353E+00  .291603E+00  .296626E+00  .300423E+00  .303089E+00  .304718E+00
  .305404E+00  .305242E+00  .304325E+00  .302749E+00  .300606E+00  .297993E+00  .295002E+00  .291728E+00  .288266E+00  .284710E+00

   170.000000000000000     
  .133357E+00  .142041E+00  .149233E+00  .153440E+00  .153171E+00  .146933E+00  .133235E+00  .110584E+00  .799959E-01  .556639E-01
  .492914E-01  .544095E-01  .635540E-01  .721444E-01  .758220E-01  .709860E-01  .593202E-01  .447593E-01  .312309E-01  .211706E-01
  .142911E-01  .100155E-01  .776649E-02  .696717E-02  .704040E-02  .740972E-02  .765845E-02  .774524E-02  .768254E-02  .748282E-02
  .715852E-02  .672212E-02  .618605E-02  .556279E-02  .486479E-02  .410450E-02  .329438E-02  .244689E-02  .157449E-02  .689626E-03
  .264270E+01  .253539E+01  .243426E+01  .234548E+01  .227520E+01  .222961E+01  .221488E+01  .223717E+01  .229887E+01  .238242E+01
  .245703E+01  .247478E+01  .242016E+01  .232823E+01  .223793E+01  .218333E+01  .216450E+01  .216704E+01  .217653E+01  .218354E+01
  .218766E+01  .218947E+01  .218952E+01  .218839E+01  .218665E+01  .218485E+01  .218341E+01  .218235E+01  .218164E+01  .218125E+01
  .218116E+01  .218133E+01  .218173E+01  .218233E+01  .218312E+01  .218404E+01  .218509E+01  .218622E+01  .218741E+01  .218863E+01
  .615071E+00  .543671E+00  .480964E+00  .435643E+00  .416401E+00  .431931E+00  .490926E+00  .602080E+00  .758970E+00  .875733E+00
  .884848E+00  .837148E+00  .786616E+00  .763681E+00  .796961E+00  .908492E+00  .107441E+01  .125132E+01  .139593E+01  .148280E+01
  .151913E+01  .151557E+01  .148278E+01  .143142E+01  .137214E+01  .131559E+01  .126931E+01  .123353E+01  .120745E+01  .119026E+01
  .118115E+01  .117932E+01  .118395E+01  .119423E+01  .120937E+01  .122854E+01  .125095E+01  .127578E+01  .130223E+01  .132949E+01
  .187872E+01  .224069E+01  .255858E+01  .278834E+01  .288588E+01  .280715E+01  .250808E+01  .194459E+01  .114394E+01  .508247E+00
  .342399E+00  .365860E+00  .358447E+00  .325461E+00  .289546E+00  .270564E+00  .268988E+00  .277035E+00  .286921E+00  .293640E+00
  .297265E+00  .298405E+00  .297672E+00  .295677E+00  .293031E+00  .290343E+00  .288051E+00  .286180E+00  .284698E+00  .283573E+00
  .282772E+00  .282262E+00  .282012E+00  .281989E+00  .282160E+00  .282493E+00  .282955E+00  .283515E+00  .284140E+00  .284797E+00

   180.000000000000000     
  .137119E+00  .149732E+00  .160581E+00  .167899E+00  .169922E+00  .164886E+00  .151024E+00  .126572E+00  .925631E-01  .647406E-01
  .562964E-01  .607449E-01  .701869E-01  .793628E-01  .832165E-01  .775606E-01  .642687E-01  .477952E-01  .325867E-01  .213939E-01
  .138718E-01  .934638E-02  .714331E-02  .658838E-02  .700737E-02  .772675E-02  .826057E-02  .856345E-02  .865313E-02  .854740E-02
  .826401E-02  .782073E-02  .723533E-02  .652556E-02  .570921E-02  .480402E-02  .382778E-02  .279823E-02  .173316E-02  .650321E-03
  .291814E+01  .275243E+01  .259492E+01  .245381E+01  .233730E+01  .225359E+01  .221089E+01  .221738E+01  .227656E+01  .236714E+01
  .245174E+01  .247247E+01  .241026E+01  .230659E+01  .220755E+01  .215335E+01  .214273E+01  .215684E+01  .217682E+01  .219047E+01
  .219778E+01  .220003E+01  .219850E+01  .219447E+01  .218921E+01  .218402E+01  .217979E+01  .217658E+01  .217430E+01  .217288E+01
  .217224E+01  .217230E+01  .217298E+01  .217421E+01  .217591E+01  .217800E+01  .218040E+01  .218303E+01  .218582E+01  .218869E+01
  .207146E+00  .182996E+00  .167246E+00  .168296E+00  .194547E+00  .254397E+00  .356248E+00  .508499E+00  .703698E+00  .851072E+00
  .877901E+00  .832522E+00  .771128E+00  .732455E+00  .753897E+00  .864974E+00  .104030E+01  .123113E+01  .138880E+01  .148457E+01
  .152597E+01  .152443E+01  .149135E+01  .143813E+01  .137620E+01  .131694E+01  .126843E+01  .123094E+01  .120362E+01  .118563E+01
  .117612E+01  .117424E+01  .117914E+01  .118997E+01  .120589E+01  .122605E+01  .124960E+01  .127570E+01  .130349E+01  .133213E+01
  .286083E+01  .346780E+01  .400087E+01  .438614E+01  .454972E+01  .441770E+01  .391618E+01  .297127E+01  .163117E+01  .585824E+00
  .352464E+00  .429763E+00  .430251E+00  .371484E+00  .302170E+00  .265142E+00  .262279E+00  .278024E+00  .296809E+00  .308679E+00
  .313920E+00  .313907E+00  .310017E+00  .303624E+00  .296103E+00  .288830E+00  .282778E+00  .277986E+00  .274356E+00  .271791E+00
  .270196E+00  .269472E+00  .269523E+00  .270252E+00  .271563E+00  .273358E+00  .275540E+00  .278013E+00  .280679E+00  .283443E+00

    2.00   7.00    .00 -.19332 -.19332 -.19353 -.19353 -.19332 -.19332
    2.20   7.00    .00 -.21633 -.21633 -.21658 -.21658 -.21633 -.21633
    2.40   7.00    .00 -.19926 -.19926 -.19954 -.19954 -.19926 -.19926
    2.60   7.00    .00 -.16581 -.16581 -.16612 -.16612 -.16581 -.16581
    2.00   5.00    .00 -.18263 -.18263 -.18674 -.18674 -.18263 -.18263
    2.20   5.00    .00 -.20387 -.20387 -.20856 -.20856 -.20387 -.20387
    2.40   5.00    .00 -.18500 -.18500 -.19042 -.19042 -.18500 -.18500
    2.60   5.00    .00 -.14991 -.14991 -.15616 -.15616 -.14991 -.14991
    2.00   4.00    .00 -.14626 -.14626 -.15984 -.15984 -.14626 -.14626
    2.20   4.00    .00 -.16251 -.16251 -.17813 -.17813 -.16251 -.16251
    2.40   4.00    .00 -.13958 -.13958 -.15791 -.15791 -.13958 -.13958
    2.60   4.00    .00 -.11039 -.11039 -.14640 -.14640 -.11039 -.11039
    2.00   3.50    .00 -.10201 -.10201 -.12283 -.12283 -.10201 -.10201
    2.20   3.50    .00 -.15465 -.15465 -.19054 -.19054 -.15465 -.15465
    2.40   3.50    .00 -.17258 -.17258 -.20766 -.20766 -.17258 -.17258
    2.60   3.50    .00 -.16486 -.16486 -.19877 -.19877 -.16486 -.16486
    2.00   3.00    .00 -.13687 -.13687 -.17179 -.17179 -.13687 -.13687
    2.20   3.00    .00 -.18904 -.18904 -.22377 -.22377 -.18904 -.18904
    2.40   3.00    .00 -.18516 -.18516 -.21895 -.21895 -.18516 -.18516
    2.60   3.00    .00 -.14739 -.14739 -.17988 -.17988 -.14739 -.14739
    2.00   2.75    .00 -.12723 -.12723 -.16197 -.16197 -.12723 -.12723
    2.20   2.75    .00 -.15643 -.15643 -.19090 -.19090 -.15643 -.15643
    2.40   2.75    .00 -.12062 -.12062 -.15408 -.15408 -.12062 -.12062
  2.0 7.00 10.0  -130.17356 -0.19341 -130.17364 -0.19350 -130.17345 -0.19329 
  2.2 7.00 10.0  -130.19569 -0.21641 -130.19582 -0.21655 -130.19560 -0.21631 
  2.4 7.00 10.0  -130.17778 -0.19930 -130.17795 -0.19948 -130.17770 -0.19921 
  2.6 7.00 10.0  -130.14365 -0.16579 -130.14384 -0.16599 -130.14356 -0.16569 
  2.0 5.00 10.0  -130.16518 -0.18546 -130.16679 -0.18716 -130.16296 -0.18317 
  2.2 5.00 10.0  -130.18560 -0.20678 -130.18783 -0.20915 -130.18347 -0.20462 
  2.4 5.00 10.0  -130.16626 -0.18833 -130.16893 -0.19117 -130.16395 -0.18600 
  2.6 5.00 10.0  -130.13109 -0.15388 -130.13400 -0.15705 -130.12839 -0.15117 
  2.0 4.00 10.0  -130.13805 -0.15947 -130.14225 -0.16399 -130.12870 -0.15019 
  2.2 4.00 10.0  -130.15691 -0.17942 -130.16197 -0.18529 -130.14603 -0.16902 
  2.4 4.00 10.0  -130.13993 -0.16400 -130.14550 -0.17105 -130.12617 -0.15126 
  2.6 4.00 10.0  -130.11536 -0.14006 -130.12354 -0.15235 -130.09817 -0.12694 
  2.0 3.50 10.0  -130.11545 -0.13794 -130.12216 -0.14698 -130.09600 -0.12036 
  2.2 3.50 10.0  -130.15216 -0.17579 -130.17451 -0.20248 -130.13724 -0.16720 
  2.4 3.50 10.0  -130.15932 -0.18338 -130.18661 -0.21469 -130.14492 -0.17902 
  2.6 3.50 10.0  -130.14866 -0.17310 -130.17663 -0.20476 -130.13061 -0.16603 
  2.0 3.00 10.0  -130.12494 -0.14762 -130.15598 -0.18103 -130.12079 -0.14585 
  2.2 3.00 10.0  -130.17387 -0.19708 -130.20723 -0.23251 -130.17231 -0.19731 
  2.4 3.00 10.0  -130.17146 -0.19513 -130.20455 -0.23002 -130.17065 -0.19586 
  2.6 3.00 10.0  -130.13913 -0.16307 -130.17039 -0.19602 -130.13695 -0.16283 
  2.0 3.50 10.0  -130.11545 -0.13794 -130.12216 -0.14698 -130.09600 -0.12036 
  2.2 3.50 10.0  -130.15216 -0.17579 -130.17451 -0.20248 -130.13724 -0.16720 
  2.4 3.50 10.0  -130.15932 -0.18338 -130.18661 -0.21469 -130.14492 -0.17902 
  2.6 3.50 10.0  -130.14866 -0.17310 -130.17663 -0.20476 -130.13061 -0.16603 
  2.0 3.00 10.0  -130.12494 -0.14762 -130.15598 -0.18103 -130.12079 -0.14585 
  2.2 3.00 10.0  -130.17387 -0.19708 -130.20723 -0.23251 -130.17231 -0.19731 
  2.4 3.00 10.0  -130.17146 -0.19513 -130.20455 -0.23002 -130.17065 -0.19586 
  2.6 3.00 10.0  -130.13913 -0.16307 -130.17039 -0.19602 -130.13695 -0.16283 
  2.0 2.75 10.0  -130.11489 -0.13734 -130.14925 -0.17322 -130.11390 -0.13778 
  2.2 2.75 10.0  -130.14668 -0.16966 -130.18173 -0.20595 -130.14680 -0.17077 
  2.4 2.75 10.0  -130.11865 -0.14191 -130.15239 -0.17684 -130.11853 -0.14281 
  2.6 2.75 10.0  -130.05257 -0.07494 -130.08189 -0.10657 -130.04855 -0.07345 
  2.0 2.50 10.0  -130.04939 -0.07105 -130.08457 -0.10761 -130.04902 -0.07199 
  2.2 2.50 10.0  -130.04090 -0.06258 -130.07501 -0.09834 -130.03993 -0.06306 
  2.4 2.50 10.0  -129.95651  0.02187 -129.98800 -0.01163 -129.95398  0.02248 
  2.6 2.50 10.0  -129.81115  0.16729 -129.83901  0.13705 -129.80559  0.17031 
  2.0 7.00 20.0  -130.17388 -0.19374 -130.17366 -0.19352 -130.17349 -0.19334 
  2.2 7.00 20.0  -130.19596 -0.21669 -130.19585 -0.21657 -130.19566 -0.21637 
  2.4 7.00 20.0  -130.17806 -0.19959 -130.17799 -0.19952 -130.17778 -0.19929 
  2.6 7.00 20.0  -130.14396 -0.16610 -130.14390 -0.16604 -130.14366 -0.16580 
  2.0 5.00 20.0  -130.17168 -0.19209 -130.16795 -0.18830 -130.16448 -0.18468 
  2.2 5.00 20.0  -130.19227 -0.21352 -130.18935 -0.21067 -130.18549 -0.20664 
  2.4 5.00 20.0  -130.17374 -0.19585 -130.17085 -0.19310 -130.16659 -0.18864 
  2.6 5.00 20.0  -130.13982 -0.16265 -130.13632 -0.15938 -130.13179 -0.15457 
  2.0 4.00 20.0  -130.16361 -0.18505 -130.15017 -0.17239 -130.13707 -0.15886 
  2.2 4.00 20.0  -130.18574 -0.20817 -130.17342 -0.19759 -130.15799 -0.18155 
  2.4 4.00 20.0  -130.17271 -0.19632 -130.16136 -0.18795 -130.14277 -0.16868 
  2.6 4.00 20.0  -130.14878 -0.17307 -130.14011 -0.16920 -130.11738 -0.14560 
  2.0 3.50 20.0  -130.15947 -0.18155 -130.14536 -0.17081 -130.11873 -0.14409 
  2.2 3.50 20.0  -130.19295 -0.21617 -130.18960 -0.21723 -130.15639 -0.18557 
  2.4 3.50 20.0  -130.19350 -0.21724 -130.19674 -0.22509 -130.15840 -0.19095 
  2.6 3.50 20.0  -130.17943 -0.20351 -130.18494 -0.21344 -130.14456 -0.17710 
  2.0 3.00 20.0  -130.16652 -0.18891 -130.17167 -0.19660 -130.13580 -0.16146 
  2.2 3.00 20.0  -130.21154 -0.23439 -130.22258 -0.24784 -130.18677 -0.21229 
  2.4 3.00 20.0  -130.21192 -0.23522 -130.22457 -0.25011 -130.19000 -0.21561 
  2.6 3.00 20.0  -130.18866 -0.21230 -130.20022 -0.22602 -130.16605 -0.19236 
  2.0 2.75 20.0  -130.15999 -0.18209 -130.17088 -0.19476 -130.13412 -0.15829 
  2.2 2.75 20.0  -130.19749 -0.22010 -130.21140 -0.23559 -130.17517 -0.19942 
  2.4 2.75 20.0  -130.18387 -0.20693 -130.19761 -0.22212 -130.16273 -0.18732 
  2.6 2.75 20.0  -130.14112 -0.16450 -130.15256 -0.17738 -130.11862 -0.14368 
  2.0 2.50 20.0  -130.11490 -0.13675 -130.12819 -0.15118 -130.09096 -0.11410 
  2.2 2.50 20.0  -130.12889 -0.15126 -130.14309 -0.16641 -130.10654 -0.12986 
  2.4 2.50 20.0  -130.08339 -0.10616 -130.09600 -0.11967 -130.06040 -0.08442 
  2.6 2.50 20.0  -130.00051 -0.02350 -130.00960 -0.03365 -129.97592  0.00003 
  2.0 7.00 30.0  -130.17422 -0.19410 -130.17369 -0.19354 -130.17355 -0.19339 
  2.2 7.00 30.0  -130.19626 -0.21699 -130.19589 -0.21660 -130.19574 -0.21644 
  2.4 7.00 30.0  -130.17835 -0.19988 -130.17804 -0.19956 -130.17788 -0.19939 
  2.6 7.00 30.0  -130.14427 -0.16641 -130.14396 -0.16609 -130.14379 -0.16592 
  2.0 5.00 30.0  -130.17821 -0.19869 -130.16932 -0.18963 -130.16641 -0.18657 
  2.2 5.00 30.0  -130.19877 -0.22005 -130.19109 -0.21235 -130.18797 -0.20907 
  2.4 5.00 30.0  -130.18071 -0.20282 -130.17295 -0.19514 -130.16968 -0.19168 
  2.6 5.00 30.0  -130.14745 -0.17024 -130.13872 -0.16169 -130.13556 -0.15827 
  2.0 4.00 30.0  -130.18548 -0.20681 -130.15712 -0.17936 -130.14565 -0.16736 
  2.2 4.00 30.0  -130.20815 -0.23045 -130.18170 -0.20574 -130.16867 -0.19200 
  2.4 4.00 30.0  -130.19525 -0.21857 -130.16964 -0.19572 -130.15480 -0.17998 
  2.6 4.00 30.0  -130.16990 -0.19390 -130.14578 -0.17385 -130.12932 -0.15588 
  2.0 3.50 30.0  -130.19221 -0.21401 -130.15655 -0.18168 -130.13329 -0.15810 
  2.2 3.50 30.0  -130.22288 -0.24582 -130.19568 -0.22297 -130.16788 -0.19565 
  2.4 3.50 30.0  -130.21918 -0.24279 -130.19791 -0.22724 -130.16710 -0.19723 
  2.6 3.50 30.0  -130.20162 -0.22565 -130.18141 -0.21326 -130.15363 -0.18321 
  2.0 3.00 30.0  -130.20326 -0.22550 -130.17967 -0.20493 -130.14352 -0.17107 
  2.2 3.00 30.0  -130.24493 -0.26767 -130.22979 -0.25554 -130.19020 -0.22090 
  2.4 3.00 30.0  -130.24612 -0.26934 -130.23510 -0.26125 -130.19306 -0.22531 
  2.6 3.00 30.0  -130.22795 -0.25157 -130.21815 -0.24470 -130.17920 -0.20942 
  2.0 2.75 30.0  -130.20265 -0.22462 -130.18534 -0.20955 -130.14836 -0.17328 
  2.2 2.75 30.0  -130.24384 -0.26633 -130.23251 -0.25713 -130.19625 -0.22123 
  2.4 2.75 30.0  -130.24044 -0.26342 -130.23136 -0.25640 -130.19567 -0.22152 
  2.6 2.75 30.0  -130.21489 -0.23826 -130.20569 -0.23118 -130.17398 -0.19922 
  2.0 2.50 30.0  -130.17894 -0.20063 -130.16515 -0.18842 -130.12715 -0.15079 
  2.2 2.50 30.0  -130.21136 -0.23360 -130.20102 -0.22471 -130.16416 -0.18798 
  2.4 2.50 30.0  -130.19524 -0.21797 -130.18554 -0.20968 -130.14990 -0.17444 
  2.6 2.50 30.0  -130.15454 -0.17765 -130.14365 -0.16827 -130.11247 -0.13657 
  2.0 2.25 30.0  -130.09970 -0.12113 -130.08570 -0.10822 -130.04707 -0.06980 
  2.2 2.25 30.0  -130.11054 -0.13251 -130.09786 -0.12083 -130.06057 -0.08361 
  2.4 2.25 30.0  -130.06979 -0.09222 -130.05647 -0.07993 -130.02104 -0.04459 
  2.6 2.25 30.0  -130.00377 -0.02655 -129.98861 -0.01253 -129.95840  0.01841 
  2.0 7.00 40.0  -130.17445 -0.19433 -130.17371 -0.19355 -130.17360 -0.19344 
  2.2 7.00 40.0  -130.19644 -0.21717 -130.19592 -0.21663 -130.19581 -0.21651 
  2.4 7.00 40.0  -130.17853 -0.20005 -130.17808 -0.19959 -130.17797 -0.19947 
  2.6 7.00 40.0  -130.14445 -0.16658 -130.14401 -0.16613 -130.14390 -0.16602 
  2.0 5.00 40.0  -130.18224 -0.20272 -130.17052 -0.19074 -130.16825 -0.18836 
  2.2 5.00 40.0  -130.20259 -0.22384 -130.19253 -0.21370 -130.19022 -0.21125 
  2.4 5.00 40.0  -130.18453 -0.20658 -130.17461 -0.19666 -130.17235 -0.19425 
  2.6 5.00 40.0  -130.15125 -0.17394 -130.14052 -0.16331 -130.13861 -0.16119 
  2.0 4.00 40.0  -130.19786 -0.21905 -130.16143 -0.18326 -130.15238 -0.17373 
  2.2 4.00 40.0  -130.21955 -0.24171 -130.18584 -0.20917 -130.17612 -0.19882 
  2.4 4.00 40.0  -130.20526 -0.22833 -130.17233 -0.19728 -130.16210 -0.18618 
  2.6 4.00 40.0  -130.17762 -0.20134 -130.14561 -0.17207 -130.13532 -0.16035 
  2.0 3.50 40.0  -130.20972 -0.23133 -130.15980 -0.18411 -130.14150 -0.16519 
  2.2 3.50 40.0  -130.23722 -0.25995 -130.19421 -0.22060 -130.17329 -0.19915 
  2.4 3.50 40.0  -130.22955 -0.25304 -130.19225 -0.22060 -130.16971 -0.19724 
  2.6 3.50 40.0  -130.20806 -0.23204 -130.17483 -0.20460 -130.15451 -0.18179 
  2.0 3.00 40.0  -130.22339 -0.24551 -130.17643 -0.20216 -130.14426 -0.17126 
  2.2 3.00 40.0  -130.26101 -0.28378 -130.22432 -0.25104 -130.18946 -0.21889 
  2.4 3.00 40.0  -130.26026 -0.28356 -130.23007 -0.25733 -130.19538 -0.22522 
  2.6 3.00 40.0  -130.24226 -0.26598 -130.21531 -0.24347 -130.18636 -0.21444 
  2.0 2.75 40.0  -130.22676 -0.24875 -130.18520 -0.21013 -130.14831 -0.17601 
  2.2 2.75 40.0  -130.26779 -0.29034 -130.23510 -0.26059 -130.19599 -0.22615 
  2.4 2.75 40.0  -130.26765 -0.29073 -130.24033 -0.26633 -130.20213 -0.23222 
  2.6 2.75 40.0  -130.24841 -0.27192 -130.22385 -0.25050 -130.19208 -0.22010 
  2.0 2.50 40.0  -130.21744 -0.23916 -130.18033 -0.20429 -130.14323 -0.16785 
  2.2 2.50 40.0  -130.25828 -0.28060 -130.22800 -0.25246 -130.19243 -0.21714 
  2.4 2.50 40.0  -130.25548 -0.27834 -130.22912 -0.25412 -130.19578 -0.22085 
  2.6 2.50 40.0  -130.23240 -0.25570 -130.20818 -0.23367 -130.18061 -0.20523 
  2.0 2.25 40.0  -130.17674 -0.19819 -130.14136 -0.16448 -130.10328 -0.12670 
  2.2 2.25 40.0  -130.21242 -0.23450 -130.18180 -0.20545 -130.14555 -0.16932 
  2.4 2.25 40.0  -130.20335 -0.22598 -130.17549 -0.19972 -130.14236 -0.16632 
  2.6 2.25 40.0  -130.17448 -0.19754 -130.14859 -0.17320 -130.12141 -0.14509 
  2.0 7.00 50.0  -130.17448 -0.19436 -130.17373 -0.19356 -130.17365 -0.19348 
  2.2 7.00 50.0  -130.19647 -0.21719 -130.19594 -0.21664 -130.19586 -0.21656 
  2.4 7.00 50.0  -130.17855 -0.20006 -130.17811 -0.19961 -130.17804 -0.19953 
  2.6 7.00 50.0  -130.14446 -0.16659 -130.14404 -0.16615 -130.14398 -0.16609 
  2.0 5.00 50.0  -130.18303 -0.20346 -130.17136 -0.19150 -130.16971 -0.18977 
  2.2 5.00 50.0  -130.20322 -0.22440 -130.19351 -0.21456 -130.19191 -0.21288 
  2.4 5.00 50.0  -130.18496 -0.20692 -130.17567 -0.19758 -130.17424 -0.19605 
  2.6 5.00 50.0  -130.15136 -0.17391 -130.14161 -0.16421 -130.14061 -0.16307 
  2.0 4.00 50.0  -130.20039 -0.22150 -130.16359 -0.18490 -130.15707 -0.17801 
  2.2 4.00 50.0  -130.22069 -0.24269 -130.18739 -0.20993 -130.18083 -0.20291 
  2.4 4.00 50.0  -130.20463 -0.22746 -130.17236 -0.19616 -130.16607 -0.18924 
  2.6 4.00 50.0  -130.17467 -0.19810 -130.14293 -0.16788 -130.13743 -0.16137 
  2.0 3.50 50.0  -130.21271 -0.23426 -130.15910 -0.18225 -130.14604 -0.16853 
  2.2 3.50 50.0  -130.23702 -0.25958 -130.18938 -0.21429 -130.17525 -0.19932 
  2.4 3.50 50.0  -130.22570 -0.24903 -130.18315 -0.20970 -130.16830 -0.19367 
  2.6 3.50 50.0  -130.20049 -0.22432 -130.16333 -0.19099 -130.14939 -0.17503 
  2.0 3.00 50.0  -130.22513 -0.24717 -130.16530 -0.19078 -130.14025 -0.16564 
  2.2 3.00 50.0  -130.25825 -0.28107 -130.20902 -0.23628 -130.18249 -0.20970 
  2.4 3.00 50.0  -130.25417 -0.27757 -130.21252 -0.24142 -130.18756 -0.21518 
  2.6 3.00 50.0  -130.23395 -0.25778 -130.19861 -0.22776 -130.17812 -0.20479 
  2.0 2.75 50.0  -130.22899 -0.25107 -130.17241 -0.19820 -130.14122 -0.16792 
  2.2 2.75 50.0  -130.26727 -0.28999 -130.22092 -0.24862 -130.18955 -0.21786 
  2.4 2.75 50.0  -130.26625 -0.28951 -130.22632 -0.25571 -130.19848 -0.22663 
  2.6 2.75 50.0  -130.24746 -0.27116 -130.21337 -0.24269 -130.19108 -0.21793 
  2.0 2.50 50.0  -130.22605 -0.24794 -130.17436 -0.19931 -130.13840 -0.16586 
  2.2 2.50 50.0  -130.26846 -0.29098 -130.22665 -0.25222 -130.19029 -0.21914 
  2.4 2.50 50.0  -130.26931 -0.29239 -130.23410 -0.26048 -130.20100 -0.22930 
  2.6 2.50 50.0  -130.25106 -0.27460 -130.22154 -0.24802 -130.19422 -0.22108 
  2.0 2.25 50.0  -130.20584 -0.22750 -130.15817 -0.18220 -130.11909 -0.14667 
  2.2 2.25 50.0  -130.25071 -0.27302 -130.21112 -0.23574 -130.17215 -0.20095 
  2.4 2.25 50.0  -130.25247 -0.27536 -130.21852 -0.24377 -130.18345 -0.21152 
  2.6 2.25 50.0  -130.23468 -0.25804 -130.20568 -0.23118 -130.17709 -0.20375 
  2.0 7.00 60.0  -130.17434 -0.19421 -130.17373 -0.19356 -130.17368 -0.19350 
  2.2 7.00 60.0  -130.19636 -0.21707 -130.19595 -0.21664 -130.19590 -0.21659 
  2.4 7.00 60.0  -130.17846 -0.19996 -130.17812 -0.19961 -130.17808 -0.19956 
  2.6 7.00 60.0  -130.14437 -0.16648 -130.14406 -0.16616 -130.14403 -0.16613 
  2.0 5.00 60.0  -130.18117 -0.20150 -130.17185 -0.19192 -130.17073 -0.19073 
  2.2 5.00 60.0  -130.20148 -0.22256 -130.19405 -0.21501 -130.19302 -0.21392 
  2.4 5.00 60.0  -130.18313 -0.20496 -130.17624 -0.19803 -130.17539 -0.19712 
  2.6 5.00 60.0  -130.14923 -0.17164 -130.14217 -0.16462 -130.14172 -0.16408 
  2.0 4.00 60.0  -130.19510 -0.21616 -130.16447 -0.18533 -130.16008 -0.18070 
  2.2 4.00 60.0  -130.21442 -0.23624 -130.18771 -0.20963 -130.18358 -0.20521 
  2.4 4.00 60.0  -130.19699 -0.21956 -130.17152 -0.19449 -130.16799 -0.19056 
  2.6 4.00 60.0  -130.16526 -0.18838 -130.13998 -0.16386 -130.13758 -0.16085 
  2.0 3.50 60.0  -130.20428 -0.22579 -130.15724 -0.17930 -130.14859 -0.17017 
  2.2 3.50 60.0  -130.22599 -0.24837 -130.18440 -0.20786 -130.17564 -0.19846 
  2.4 3.50 60.0  -130.21184 -0.23494 -130.17405 -0.19889 -130.16534 -0.18924 
  2.6 3.50 60.0  -130.18377 -0.20735 -130.15035 -0.17630 -130.14203 -0.16650 
  2.0 3.00 60.0  -130.21143 -0.23345 -130.15251 -0.17677 -130.13513 -0.15874 
  2.2 3.00 60.0  -130.24053 -0.26336 -130.19166 -0.21760 -130.17292 -0.19803 
  2.4 3.00 60.0  -130.23330 -0.25670 -130.19314 -0.22044 -130.17439 -0.20027 
  2.6 3.00 60.0  -130.21077 -0.23459 -130.17847 -0.20622 -130.16170 -0.18742 
  2.0 2.75 60.0  -130.21266 -0.23483 -130.15379 -0.17911 -130.13026 -0.15521 
  2.2 2.75 60.0  -130.24757 -0.27043 -130.20042 -0.22736 -130.17595 -0.20229 
  2.4 2.75 60.0  -130.24462 -0.26801 -130.20656 -0.23464 -130.18349 -0.21014 
  2.6 2.75 60.0  -130.22482 -0.24864 -130.19447 -0.22261 -130.17463 -0.20076 
  2.0 2.50 60.0  -130.20988 -0.23202 -130.15485 -0.18079 -130.12564 -0.15176 
  2.2 2.50 60.0  -130.25122 -0.27398 -130.20738 -0.23490 -130.17850 -0.20573 
  2.4 2.50 60.0  -130.25240 -0.27571 -130.21678 -0.24515 -130.19057 -0.21772 
  2.6 2.50 60.0  -130.23503 -0.25879 -130.20641 -0.23465 -130.18424 -0.21066 
  2.0 2.25 60.0  -130.19772 -0.21968 -130.14777 -0.17384 -130.11446 -0.14129 
  2.2 2.25 60.0  -130.24530 -0.26792 -130.20463 -0.23222 -130.17280 -0.20046 
  2.4 2.25 60.0  -130.25040 -0.27359 -130.21698 -0.24502 -130.18832 -0.21566 
  2.6 2.25 60.0  -130.23562 -0.25928 -130.20830 -0.23625 -130.18422 -0.21075 
  2.0 2.00 60.0  -130.16504 -0.18682 -130.11915 -0.14506 -130.08348 -0.11043 
  2.2 2.00 60.0  -130.21897 -0.24144 -130.18299 -0.20788 -130.14691 -0.17440 
  2.4 2.00 60.0  -130.22890 -0.25195 -130.19928 -0.22464 -130.16662 -0.19369 
  2.6 2.00 60.0  -130.21825 -0.24178 -130.19390 -0.21964 -130.16615 -0.19254 
  2.0 7.00 70.0  -130.17412 -0.19396 -130.17373 -0.19355 -130.17370 -0.19352 
  2.2 7.00 70.0  -130.19620 -0.21690 -130.19595 -0.21664 -130.19592 -0.21660 
  2.4 7.00 70.0  -130.17832 -0.19981 -130.17813 -0.19961 -130.17810 -0.19958 
  2.6 7.00 70.0  -130.14424 -0.16635 -130.14407 -0.16617 -130.14405 -0.16615 
  2.0 5.00 70.0  -130.17790 -0.19810 -130.17208 -0.19209 -130.17134 -0.19132 
  2.2 5.00 70.0  -130.19869 -0.21965 -130.19430 -0.21519 -130.19365 -0.21450 
  2.4 5.00 70.0  -130.18043 -0.20214 -130.17648 -0.19820 -130.17599 -0.19766 
  2.6 5.00 70.0  -130.14641 -0.16870 -130.14242 -0.16477 -130.14223 -0.16451 
  2.0 4.00 70.0  -130.18500 -0.20589 -130.16467 -0.18524 -130.16184 -0.18226 
  2.2 4.00 70.0  -130.20429 -0.22587 -130.18750 -0.20904 -130.18498 -0.20635 
  2.4 4.00 70.0  -130.18627 -0.20855 -130.17057 -0.19304 -130.16866 -0.19091 
  2.6 4.00 70.0  -130.15355 -0.17635 -130.13771 -0.16096 -130.13692 -0.15981 
  2.0 3.50 70.0  -130.18833 -0.20972 -130.15538 -0.17670 -130.14991 -0.17095 
  2.2 3.50 70.0  -130.20869 -0.23081 -130.18044 -0.20291 -130.17528 -0.19738 
  2.4 3.50 70.0  -130.19283 -0.21563 -130.16682 -0.19046 -130.16224 -0.18531 
  2.6 3.50 70.0  -130.16300 -0.18626 -130.13890 -0.16358 -130.13507 -0.15878 
  2.0 3.00 70.0  -130.18692 -0.20888 -130.14168 -0.16453 -130.13068 -0.15300 
  2.2 3.00 70.0  -130.21316 -0.23588 -130.17546 -0.19987 -130.16360 -0.18721 
  2.4 3.00 70.0  -130.20380 -0.22708 -130.17293 -0.19881 -130.16012 -0.18472 
  2.6 3.00 70.0  -130.18003 -0.20371 -130.15616 -0.18294 -130.14300 -0.16800 
  2.0 2.75 70.0  -130.18302 -0.20525 -130.13519 -0.15920 -130.11927 -0.14261 
  2.2 2.75 70.0  -130.21530 -0.23820 -130.17767 -0.20337 -130.15993 -0.18466 
  2.4 2.75 70.0  -130.21117 -0.23458 -130.18250 -0.20950 -130.16379 -0.18934 
  2.6 2.75 70.0  -130.19121 -0.21503 -130.17012 -0.19755 -130.15203 -0.17769 
  2.0 2.50 70.0  -130.17625 -0.19860 -130.13051 -0.15571 -130.10819 -0.13278 
  2.2 2.50 70.0  -130.21661 -0.23956 -130.18252 -0.20928 -130.15853 -0.18442 
  2.4 2.50 70.0  -130.21833 -0.24180 -130.19317 -0.22080 -130.16933 -0.19571 
  2.6 2.50 70.0  -130.20210 -0.22602 -130.18380 -0.21150 -130.16169 -0.18791 
  2.0 2.25 70.0  -130.16475 -0.18705 -130.12475 -0.15076 -130.09628 -0.12204 
  2.2 2.25 70.0  -130.21408 -0.23700 -130.18469 -0.21189 -130.15569 -0.18246 
  2.4 2.25 70.0  -130.22163 -0.24510 -130.19996 -0.22750 -130.17204 -0.19896 
  2.6 2.25 70.0  -130.20906 -0.23300 -130.19301 -0.22056 -130.16764 -0.19422 
  2.0 2.00 70.0  -130.14259 -0.16478 -130.10887 -0.13506 -130.07603 -0.10245 
  2.2 2.00 70.0  -130.20096 -0.22381 -130.17686 -0.20261 -130.14327 -0.17027 
  2.4 2.00 70.0  -130.21460 -0.23802 -130.19651 -0.22276 -130.16494 -0.19179 
  2.6 2.00 70.0  -130.20641 -0.23028 -130.19227 -0.21909 -130.16417 -0.19072 
  2.2 1.75 70.0  -130.16579 -0.18850 -130.14471 -0.16960 -130.11110 -0.13575 
  2.4 1.75 70.0  -130.18776 -0.21095 -130.17126 -0.19675 -130.13973 -0.16475 
  2.6 1.75 70.0  -130.18707 -0.21028 -130.17357 -0.19960 -130.14462 -0.17009 
  2.8 1.75 70.0  -130.17505 -0.19876 -130.16421 -0.19068 -130.13836 -0.16420 
  2.2 1.50 70.0  -130.09348 -0.11493 -130.07345 -0.09776 -130.03861 -0.06262 
  2.4 1.50 70.0  -130.12971 -0.15172 -130.11373 -0.13871 -130.08088 -0.10537 
  2.6 1.50 70.0  -130.14126 -0.16385 -130.12868 -0.15426 -130.09839 -0.12329 
  2.8 1.50 70.0  -130.14038 -0.16353 -130.13056 -0.15661 -130.10325 -0.12849 
  2.0 7.00 80.0  -130.17390 -0.19373 -130.17373 -0.19355 -130.17371 -0.19352 
  2.2 7.00 80.0  -130.19605 -0.21674 -130.19595 -0.21664 -130.19593 -0.21661 
  2.4 7.00 80.0  -130.17820 -0.19968 -130.17813 -0.19961 -130.17812 -0.19959 
  2.6 7.00 80.0  -130.14414 -0.16623 -130.14408 -0.16617 -130.14407 -0.16616 
  2.0 5.00 80.0  -130.17458 -0.19463 -130.17216 -0.19213 -130.17167 -0.19162 
  2.2 5.00 80.0  -130.19604 -0.21689 -130.19438 -0.21523 -130.19395 -0.21477 
  2.4 5.00 80.0  -130.17799 -0.19961 -130.17657 -0.19823 -130.17624 -0.19788 
  2.6 5.00 80.0  -130.14399 -0.16620 -130.14252 -0.16481 -130.14238 -0.16463 
  2.0 4.00 80.0  -130.17357 -0.19415 -130.16454 -0.18494 -130.16267 -0.18298 
  2.2 4.00 80.0  -130.19392 -0.21520 -130.18711 -0.20844 -130.18548 -0.20672 
  2.4 4.00 80.0  -130.17602 -0.19802 -130.16976 -0.19196 -130.16860 -0.19068 
  2.6 4.00 80.0  -130.14291 -0.16544 -130.13624 -0.15914 -130.13593 -0.15863 
  2.0 3.50 80.0  -130.16938 -0.19044 -130.15383 -0.17473 -130.15031 -0.17107 
  2.2 3.50 80.0  -130.19002 -0.21178 -130.17755 -0.19948 -130.17443 -0.19618 
  2.4 3.50 80.0  -130.17356 -0.19600 -130.16179 -0.18473 -130.15941 -0.18206 
  2.6 3.50 80.0  -130.14280 -0.16571 -130.13053 -0.15434 -130.12937 -0.15265 
  2.0 3.00 80.0  -130.15708 -0.17880 -130.13376 -0.15563 -130.12705 -0.14867 
  2.2 3.00 80.0  -130.18195 -0.20441 -130.16244 -0.18566 -130.15569 -0.17845 
  2.4 3.00 80.0  -130.17143 -0.19449 -130.15427 -0.17893 -130.14702 -0.17079 
  2.6 3.00 80.0  -130.14748 -0.17094 -130.13409 -0.16013 -130.12498 -0.14941 
  2.0 2.75 80.0  -130.14617 -0.16830 -130.11968 -0.14240 -130.11000 -0.13230 
  2.2 2.75 80.0  -130.17690 -0.19973 -130.15559 -0.18003 -130.14438 -0.16799 
  2.4 2.75 80.0  -130.17278 -0.19613 -130.15720 -0.18340 -130.14296 -0.16769 
  2.6 2.75 80.0  -130.15425 -0.17804 -130.14547 -0.17263 -130.12787 -0.15320 
  2.0 2.50 80.0  -130.13240 -0.15490 -130.10520 -0.12925 -130.09012 -0.11345 
  2.2 2.50 80.0  -130.17301 -0.19610 -130.15428 -0.18037 -130.13499 -0.15987 
  2.4 2.50 80.0  -130.17713 -0.20075 -130.16690 -0.19423 -130.14353 -0.16948 
  2.6 2.50 80.0  -130.16402 -0.18814 -130.15987 -0.18729 -130.13511 -0.16139 
  2.0 2.25 80.0  -130.11761 -0.14026 -130.09489 -0.12058 -130.07096 -0.09579 
  2.2 2.25 80.0  -130.17062 -0.19388 -130.15835 -0.18533 -130.12989 -0.15622 
  2.4 2.25 80.0  -130.18267 -0.20651 -130.17735 -0.20450 -130.14745 -0.17432 
  2.6 2.25 80.0  -130.17407 -0.19840 -130.17303 -0.20027 -130.14370 -0.17051 
  2.0 2.00 80.0  -130.10071 -0.12338 -130.08604 -0.11203 -130.05360 -0.07982 
  2.2 2.00 80.0  -130.16513 -0.18848 -130.15821 -0.18436 -130.12469 -0.15133 
  2.4 2.00 80.0  -130.18391 -0.20777 -130.18158 -0.20810 -130.14879 -0.17525 
  2.6 2.00 80.0  -130.17952 -0.20378 -130.17994 -0.20680 -130.14830 -0.17483 
  2.2 1.75 80.0  -130.14635 -0.16936 -130.14215 -0.16748 -130.10695 -0.13216 
  2.4 1.75 80.0  -130.17255 -0.19592 -130.17128 -0.19717 -130.13678 -0.16239 
  2.6 1.75 80.0  -130.17375 -0.19752 -130.17451 -0.20090 -130.14124 -0.16720 
  2.8 1.75 80.0  -130.16265 -0.18685 -130.16480 -0.19157 -130.13314 -0.15937 
  2.2 1.50 80.0  -130.09991 -0.12203 -130.09673 -0.12142 -130.06000 -0.08451 
  2.4 1.50 80.0  -130.13706 -0.15969 -130.13651 -0.16186 -130.10054 -0.12557 
  2.0 5.00 90.0  -130.17231 -0.19225 -130.17215 -0.19211 -130.17178 -0.19172 
  2.2 5.00 90.0  -130.19430 -0.21509 -130.19438 -0.21521 -130.19403 -0.21484 
  2.4 5.00 90.0  -130.17644 -0.19801 -130.17658 -0.19822 -130.17628 -0.19789 
  2.6 5.00 90.0  -130.14246 -0.16463 -130.14256 -0.16482 -130.14234 -0.16457 
  2.8 5.00 90.0  -130.10461 -0.12710 -130.10455 -0.12715 -130.10448 -0.12704 
  2.0 4.00 90.0  -130.16482 -0.18506 -130.16425 -0.18457 -130.16283 -0.18309 
  2.2 4.00 90.0  -130.18659 -0.20764 -130.18669 -0.20793 -130.18537 -0.20655 
  2.4 4.00 90.0  -130.16900 -0.19081 -130.16918 -0.19126 -130.16808 -0.19009 
  2.6 4.00 90.0  -130.13569 -0.15807 -130.13546 -0.15819 -130.13479 -0.15742 
  2.8 4.00 90.0  -130.09894 -0.12158 -130.09774 -0.12082 -130.09783 -0.12077 
  2.0 3.50 90.0  -130.15367 -0.17426 -130.15260 -0.17334 -130.14996 -0.17061 
  2.2 3.50 90.0  -130.17576 -0.19717 -130.17563 -0.19733 -130.17320 -0.19482 
  2.4 3.50 90.0  -130.15911 -0.18130 -130.15878 -0.18138 -130.15686 -0.17934 
  2.6 3.50 90.0  -130.12745 -0.15015 -130.12575 -0.14906 -130.12485 -0.14796 
  2.8 3.50 90.0  -130.09317 -0.11608 -130.08868 -0.11237 -130.08965 -0.11305 
  2.0 3.00 90.0  -130.13063 -0.15186 -130.12864 -0.15007 -130.12397 -0.14531 
  2.2 3.00 90.0  -130.15515 -0.17731 -130.15370 -0.17621 -130.14944 -0.17183 
  2.4 3.00 90.0  -130.14286 -0.16575 -130.13959 -0.16322 -130.13622 -0.15955 
  2.6 3.00 90.0  -130.11807 -0.14137 -130.11170 -0.13656 -130.10883 -0.13286 
  2.8 3.00 90.0  -130.09196 -0.11560 -130.09456 -0.12087 -130.08019 -0.10458 
  2.0 2.75 90.0  -130.11206 -0.13381 -130.10904 -0.13096 -130.10291 -0.12475 
  2.2 2.75 90.0  -130.14077 -0.16351 -130.13723 -0.16047 -130.13126 -0.15424 
  2.4 2.75 90.0  -130.13583 -0.15919 -130.13033 -0.15540 -130.12279 -0.14689 
  2.6 2.75 90.0  -130.11968 -0.14358 -130.12522 -0.15213 -130.10301 -0.12809 
  2.8 2.75 90.0  -130.09990 -0.12436 -130.11293 -0.13952 -130.08282 -0.10845 
  2.0 2.50 90.0  -130.08853 -0.11105 -130.08325 -0.10597 -130.07474 -0.09724 
  2.2 2.50 90.0  -130.12867 -0.15199 -130.12291 -0.14806 -130.11033 -0.13435 
  2.4 2.50 90.0  -130.13735 -0.16138 -130.14457 -0.17156 -130.11508 -0.14087 
  2.6 2.50 90.0  -130.13022 -0.15496 -130.14447 -0.17133 -130.11000 -0.13680 
  2.8 2.50 90.0  -130.11451 -0.13977 -130.13210 -0.15888 -130.09642 -0.12322 
  2.0 2.25 90.0  -130.06722 -0.09035 -130.05986 -0.08497 -130.04202 -0.06584 
  2.2 2.25 90.0  -130.12768 -0.15161 -130.13495 -0.16147 -130.10036 -0.12684 
  2.4 2.25 90.0  -130.14778 -0.17242 -130.16142 -0.18802 -130.12540 -0.15229 
  2.6 2.25 90.0  -130.14545 -0.17055 -130.16215 -0.18889 -130.12496 -0.15183 
  2.8 2.25 90.0  -130.13161 -0.15729 -130.14981 -0.17666 -130.11225 -0.13916 
  2.0 2.00 90.0  -130.05778 -0.08118 -130.06334 -0.08891 -130.02813 -0.05427 
  2.2 2.00 90.0  -130.13168 -0.15582 -130.14327 -0.16911 -130.10585 -0.13194 
  2.4 2.00 90.0  -130.15723 -0.18176 -130.17205 -0.19824 -130.13375 -0.16003 
  2.6 2.00 90.0  -130.15770 -0.18247 -130.17421 -0.20074 -130.13561 -0.16215 
  2.8 2.00 90.0  -130.14534 -0.17044 -130.16296 -0.18973 -130.12434 -0.15111 
  2.0 1.75 90.0  -130.04295 -0.06601 -130.05151 -0.07622 -130.01356 -0.03855 
  2.2 1.75 90.0  -130.12454 -0.14790 -130.13643 -0.16166 -130.09751 -0.12282 
  2.4 1.75 90.0  -130.15523 -0.17893 -130.16933 -0.19508 -130.12999 -0.15571 
  2.6 1.75 90.0  -130.15943 -0.18354 -130.17513 -0.20135 -130.13570 -0.16185 
  2.8 1.75 90.0  -130.15018 -0.17474 -130.16707 -0.19366 -130.12771 -0.15424 
  2.0 1.50 90.0  -129.99917 -0.02129 -130.00742 -0.03142 -129.96835  0.00749 
  2.2 1.50 90.0  -130.09058 -0.11316 -130.10185 -0.12651 -130.06206 -0.08672 
  2.4 1.50 90.0  -130.12999 -0.15304 -130.14352 -0.16882 -130.10344 -0.12865 
  2.6 1.50 90.0  -130.14193 -0.16549 -130.15722 -0.18309 -130.11713 -0.14289 
  2.8 1.50 90.0  -130.13937 -0.16347 -130.15608 -0.18241 -130.11608 -0.14233 
  3.0 1.50 90.0  -130.12916 -0.15379 -130.14701 -0.17366 -130.10707 -0.13372 
  2.0 7.00 100.0  -130.17370 -0.19352 -130.17373 -0.19354 -130.17371 -0.19353 
  2.2 7.00 100.0  -130.19593 -0.21661 -130.19596 -0.21664 -130.19594 -0.21662 
  2.4 7.00 100.0  -130.17811 -0.19959 -130.17814 -0.19962 -130.17813 -0.19960 
  2.6 7.00 100.0  -130.14407 -0.16616 -130.14409 -0.16619 -130.14408 -0.16617 
  2.0 5.00 100.0  -130.17160 -0.19150 -130.17208 -0.19204 -130.17174 -0.19168 
  2.2 5.00 100.0  -130.19376 -0.21453 -130.19432 -0.21515 -130.19395 -0.21477 
  2.4 5.00 100.0  -130.17593 -0.19749 -130.17655 -0.19818 -130.17616 -0.19777 
  2.6 5.00 100.0  -130.14192 -0.16409 -130.14256 -0.16482 -130.14215 -0.16439 
  2.0 4.00 100.0  -130.16217 -0.18230 -130.16385 -0.18415 -130.16243 -0.18269 
  2.2 4.00 100.0  -130.18431 -0.20531 -130.18629 -0.20751 -130.18478 -0.20595 
  2.4 4.00 100.0  -130.16660 -0.18842 -130.16882 -0.19089 -130.16721 -0.18922 
  2.6 4.00 100.0  -130.13289 -0.15532 -130.13527 -0.15797 -130.13349 -0.15614 
  2.0 3.50 100.0  -130.14894 -0.16939 -130.15165 -0.17236 -130.14893 -0.16958 
  2.2 3.50 100.0  -130.17124 -0.19260 -130.17458 -0.19625 -130.17167 -0.19328 
  2.4 3.50 100.0  -130.15385 -0.17608 -130.15776 -0.18030 -130.15456 -0.17703 
  2.6 3.50 100.0  -130.12071 -0.14357 -130.12515 -0.14834 -130.12135 -0.14448 
  2.0 3.00 100.0  -130.12257 -0.14364 -130.12626 -0.14763 -130.12128 -0.14262 
  2.2 3.00 100.0  -130.14549 -0.16762 -130.15066 -0.17305 -130.14517 -0.16754 
  2.4 3.00 100.0  -130.12885 -0.15201 -130.13615 -0.15954 -130.12927 -0.15255 
  2.6 3.00 100.0  -130.09810 -0.12166 -130.11481 -0.13949 -130.09727 -0.12122 
  2.0 2.75 100.0  -130.10101 -0.12256 -130.10498 -0.12678 -130.09838 -0.12019 
  2.2 2.75 100.0  -130.12433 -0.14719 -130.13130 -0.15424 -130.12344 -0.14632 
  2.4 2.75 100.0  -130.10919 -0.13295 -130.12958 -0.15461 -130.10867 -0.13249 
  2.6 2.75 100.0  -130.09125 -0.11561 -130.13234 -0.15806 -130.07810 -0.10263 
  2.8 2.75 100.0  -130.07816 -0.10455 -130.12353 -0.14931 -130.07439 -0.10096 
  2.0 2.50 100.0  -130.07081 -0.09307 -130.07532 -0.09765 -130.06637 -0.08872 
  2.2 2.50 100.0  -130.09456 -0.11846 -130.11962 -0.14485 -130.09335 -0.11680 
  2.4 2.50 100.0  -130.10993 -0.13551 -130.14937 -0.17517 -130.10354 -0.12969 
  2.6 2.50 100.0  -130.11495 -0.14078 -130.15354 -0.17954 -130.10668 -0.13320 
  2.8 2.50 100.0  -130.10380 -0.13033 -130.14408 -0.17016 -130.09616 -0.12288 
  2.0 2.25 100.0  -130.03374 -0.05699 -130.05569 -0.08070 -130.02249 -0.04542 
  2.2 2.25 100.0  -130.10895 -0.13313 -130.13750 -0.16297 -130.09394 -0.11971 
  2.4 2.25 100.0  -130.13672 -0.16164 -130.16856 -0.19435 -130.12367 -0.14981 
  2.6 2.25 100.0  -130.13837 -0.16386 -130.17259 -0.19864 -130.12657 -0.15304 
  2.8 2.25 100.0  -130.12673 -0.15274 -130.16284 -0.18904 -130.11576 -0.14251 
  2.0 2.00 100.0  -130.04310 -0.06634 -130.06357 -0.08833 -130.02221 -0.04731 
  2.2 2.00 100.0  -130.12281 -0.14671 -130.14785 -0.17304 -130.10476 -0.13024 
  2.4 2.00 100.0  -130.15167 -0.17609 -130.18002 -0.20562 -130.13562 -0.16150 
  2.6 2.00 100.0  -130.15412 -0.17902 -130.18498 -0.21092 -130.13951 -0.16580 
  2.8 2.00 100.0  -130.14316 -0.16856 -130.17607 -0.20225 -130.12959 -0.15625 
  2.2 1.75 100.0  -130.11810 -0.14145 -130.14027 -0.16504 -130.09731 -0.12232 
  2.4 1.75 100.0  -130.15042 -0.17426 -130.17595 -0.20123 -130.13178 -0.15729 
  2.6 1.75 100.0  -130.15606 -0.18040 -130.18423 -0.20996 -130.13909 -0.16511 
  2.8 1.75 100.0  -130.14798 -0.17285 -130.17838 -0.20443 -130.13232 -0.15880 
  3.0 1.75 100.0  -130.13302 -0.15843 -130.16543 -0.19167 -130.11833 -0.14518 
  2.2 1.50 100.0  -130.08068 -0.10347 -130.10062 -0.12491 -130.05761 -0.08206 
  2.4 1.50 100.0  -130.12154 -0.14485 -130.14494 -0.16985 -130.10086 -0.12592 
  2.6 1.50 100.0  -130.13504 -0.15890 -130.16125 -0.18669 -130.11631 -0.14199 
  2.8 1.50 100.0  -130.13399 -0.15842 -130.16256 -0.18842 -130.11684 -0.14307 
  3.0 1.50 100.0  -130.12511 -0.15011 -130.15583 -0.18194 -130.10918 -0.13587 
  2.0 7.00 110.0  -130.17375 -0.19357 -130.17372 -0.19354 -130.17371 -0.19352 
  2.2 7.00 110.0  -130.19596 -0.21665 -130.19595 -0.21664 -130.19594 -0.21662 
  2.4 7.00 110.0  -130.17814 -0.19963 -130.17814 -0.19962 -130.17812 -0.19960 
  2.6 7.00 110.0  -130.14409 -0.16619 -130.14410 -0.16619 -130.14407 -0.16616 
  2.0 5.00 110.0  -130.17227 -0.19221 -130.17195 -0.19191 -130.17154 -0.19148 
  2.2 5.00 110.0  -130.19423 -0.21503 -130.19419 -0.21503 -130.19372 -0.21454 
  2.4 5.00 110.0  -130.17628 -0.19787 -130.17644 -0.19809 -130.17588 -0.19751 
  2.6 5.00 110.0  -130.14215 -0.16436 -130.14250 -0.16478 -130.14181 -0.16407 
  2.0 4.00 110.0  -130.16538 -0.18570 -130.16325 -0.18359 -130.16147 -0.18177 
  2.2 4.00 110.0  -130.18660 -0.20776 -130.18579 -0.20707 -130.18369 -0.20491 
  2.4 4.00 110.0  -130.16835 -0.19034 -130.16860 -0.19073 -130.16594 -0.18801 
  2.6 4.00 110.0  -130.13407 -0.15675 -130.13563 -0.15843 -130.13195 -0.15469 
  2.0 3.50 110.0  -130.15560 -0.17638 -130.15076 -0.17157 -130.14716 -0.16789 
  2.2 3.50 110.0  -130.17629 -0.19794 -130.17424 -0.19605 -130.16974 -0.19146 
  2.4 3.50 110.0  -130.15794 -0.18053 -130.15879 -0.18154 -130.15246 -0.17509 
  2.6 3.50 110.0  -130.12362 -0.14705 -130.12960 -0.15313 -130.11897 -0.14234 
  2.0 3.00 110.0  -130.13492 -0.15649 -130.12640 -0.14804 -130.11889 -0.14043 
  2.2 3.00 110.0  -130.15648 -0.17905 -130.15465 -0.17753 -130.14340 -0.16607 
  2.4 3.00 110.0  -130.13912 -0.16317 -130.15072 -0.17495 -130.12926 -0.15306 
  2.6 3.00 110.0  -130.10464 -0.13037 -130.14165 -0.16667 -130.10267 -0.12764 
  2.0 2.75 110.0  -130.11748 -0.13987 -130.10856 -0.13089 -130.09684 -0.11900 
  2.2 2.75 110.0  -130.13668 -0.16232 -130.14692 -0.17091 -130.12525 -0.14876 
  2.4 2.75 110.0  -130.13315 -0.15791 -130.16017 -0.18524 -130.12154 -0.14660 
  2.6 2.75 110.0  -130.12128 -0.14600 -130.16022 -0.18563 -130.11242 -0.13838 
  2.8 2.75 110.0  -130.10441 -0.12972 -130.15051 -0.17602 -130.09882 -0.12512 
  3.0 2.75 110.0  -130.08443 -0.11046 -130.13548 -0.16094 -130.08130 -0.10773 
  2.2 2.50 110.0  -130.13275 -0.15672 -130.15206 -0.17691 -130.11410 -0.13898 
  2.4 2.50 110.0  -130.14530 -0.16936 -130.17758 -0.20287 -130.13156 -0.15725 
  2.6 2.50 110.0  -130.14072 -0.16543 -130.18066 -0.20621 -130.13119 -0.15733 
  2.8 2.50 110.0  -130.12632 -0.15177 -130.17143 -0.19710 -130.11973 -0.14617 
  3.0 2.50 110.0  -130.10691 -0.13307 -130.15617 -0.18182 -130.10247 -0.12908 
  2.2 2.25 110.0  -130.13933 -0.16264 -130.16370 -0.18858 -130.11957 -0.14479 
  2.4 2.25 110.0  -130.16055 -0.18454 -130.19346 -0.21871 -130.14611 -0.17181 
  2.6 2.25 110.0  -130.15903 -0.18375 -130.19770 -0.22323 -130.14821 -0.17433 
  2.8 2.25 110.0  -130.14567 -0.17110 -130.18879 -0.21449 -130.13749 -0.16395 
  3.0 2.25 110.0  -130.12657 -0.15267 -130.17358 -0.19930 -130.12045 -0.14712 
  2.2 2.00 110.0  -130.14211 -0.16529 -130.16684 -0.19149 -130.12158 -0.14663 
  2.4 2.00 110.0  -130.16761 -0.19150 -130.19905 -0.22411 -130.15162 -0.17713 
  2.6 2.00 110.0  -130.16832 -0.19289 -130.20487 -0.23027 -130.15566 -0.18163 
  2.8 2.00 110.0  -130.15648 -0.18173 -130.19725 -0.22287 -130.14641 -0.17277 
  2.2 1.75 110.0  -130.12343 -0.14642 -130.14663 -0.17091 -130.10120 -0.12585 
  2.4 1.75 110.0  -130.15385 -0.17749 -130.18315 -0.20791 -130.13587 -0.16103 
  2.6 1.75 110.0  -130.15887 -0.18316 -130.19307 -0.21823 -130.14420 -0.16989 
  2.8 1.75 110.0  -130.15102 -0.17597 -130.18935 -0.21481 -130.13900 -0.16516 
  3.0 1.75 110.0  -130.13680 -0.16241 -130.17892 -0.20452 -130.12694 -0.15346 
  2.2 1.50 110.0  -130.06198 -0.08466 -130.08330 -0.10708 -130.03787 -0.06191 
  2.0 7.00 120.0  -130.17384 -0.19366 -130.17372 -0.19354 -130.17370 -0.19352 
  2.2 7.00 120.0  -130.19603 -0.21672 -130.19595 -0.21663 -130.19592 -0.21661 
  2.4 7.00 120.0  -130.17819 -0.19968 -130.17814 -0.19962 -130.17811 -0.19959 
  2.6 7.00 120.0  -130.14414 -0.16624 -130.14409 -0.16619 -130.14406 -0.16615 
  2.0 5.00 120.0  -130.17360 -0.19362 -130.17171 -0.19168 -130.17117 -0.19113 
  2.2 5.00 120.0  -130.19518 -0.21604 -130.19394 -0.21480 -130.19331 -0.21415 
  2.4 5.00 120.0  -130.17704 -0.19869 -130.17620 -0.19788 -130.17541 -0.19707 
  2.6 5.00 120.0  -130.14276 -0.16505 -130.14231 -0.16462 -130.14126 -0.16355 
  2.0 4.00 120.0  -130.17078 -0.19137 -130.16225 -0.18269 -130.15984 -0.18020 
  2.2 4.00 120.0  -130.19087 -0.21226 -130.18495 -0.20636 -130.18195 -0.20325 
  2.4 4.00 120.0  -130.17210 -0.19437 -130.16823 -0.19053 -130.16410 -0.18630 
  2.6 4.00 120.0  -130.13748 -0.16052 -130.13637 -0.15940 -130.12999 -0.15290 
  2.0 3.50 120.0  -130.16532 -0.18649 -130.14949 -0.17051 -130.14439 -0.16528 
  2.2 3.50 120.0  -130.18494 -0.20697 -130.17414 -0.19627 -130.16714 -0.18909 
  2.4 3.50 120.0  -130.16649 -0.18959 -130.16158 -0.18482 -130.15042 -0.17340 
  2.6 3.50 120.0  -130.13251 -0.15673 -130.13838 -0.16258 -130.11817 -0.14207 
  2.0 3.00 120.0  -130.15100 -0.17331 -130.12816 -0.15035 -130.11636 -0.13833 
  2.2 3.00 120.0  -130.17430 -0.19744 -130.16390 -0.18763 -130.14424 -0.16760 
  2.4 3.00 120.0  -130.15862 -0.18443 -130.17074 -0.19561 -130.13795 -0.16277 
  2.6 3.00 120.0  -130.13812 -0.16358 -130.16696 -0.19223 -130.12297 -0.14884 
  2.0 2.75 120.0  -130.13551 -0.16037 -130.11737 -0.14054 -130.09787 -0.12076 
  2.2 2.75 120.0  -130.16621 -0.19118 -130.16820 -0.19278 -130.13633 -0.16086 
  2.4 2.75 120.0  -130.16671 -0.19139 -130.18743 -0.21257 -130.14493 -0.17052 
  2.6 2.75 120.0  -130.15447 -0.17931 -130.18866 -0.21404 -130.14006 -0.16612 
  2.0 2.50 120.0  -130.12304 -0.14709 -130.11287 -0.13692 -130.08191 -0.10599 
  2.2 2.50 120.0  -130.16853 -0.19230 -130.17969 -0.20444 -130.13868 -0.16380 
  2.4 2.50 120.0  -130.17936 -0.20338 -130.20574 -0.23084 -130.15897 -0.18462 
  2.6 2.50 120.0  -130.17228 -0.19687 -130.20897 -0.23431 -130.15866 -0.18471 
  2.0 2.25 120.0  -130.11233 -0.13513 -130.11241 -0.13651 -130.07289 -0.09740 
  2.0 2.25 120.0  -130.11233 -0.13513 -130.11241 -0.13651 -130.07289 -0.09740 
  2.2 2.25 120.0  -130.17104 -0.19418 -130.18826 -0.21282 -130.14334 -0.16839 
  2.4 2.25 120.0  -130.18837 -0.21213 -130.21719 -0.24212 -130.16883 -0.19434 
  2.6 2.25 120.0  -130.18405 -0.20852 -130.22129 -0.24649 -130.17035 -0.19626 
  2.0 2.00 120.0  -130.09298 -0.11520 -130.09951 -0.12331 -130.05651 -0.08083 
  2.2 2.00 120.0  -130.16003 -0.18292 -130.17949 -0.20375 -130.13313 -0.15792 
  2.4 2.00 120.0  -130.18131 -0.20492 -130.21036 -0.23501 -130.16139 -0.18663 
  2.6 2.00 120.0  -130.17935 -0.20368 -130.21591 -0.24086 -130.16476 -0.19042 
  2.8 2.00 120.0  -130.16616 -0.19120 -130.20893 -0.23408 -130.15579 -0.18181 
  2.4 1.75 120.0  -130.14035 -0.16376 -130.16837 -0.19265 -130.11924 -0.14403 
  2.6 1.75 120.0  -130.14364 -0.16776 -130.17881 -0.20345 -130.12772 -0.15300 
  2.8 1.75 120.0  -130.13596 -0.16079 -130.17716 -0.20206 -130.12423 -0.14996 
  2.4 1.50 120.0  -130.04187 -0.06499 -130.06845 -0.09211 -130.01933 -0.04341 
  2.6 1.50 120.0  -130.05947 -0.08328 -130.09303 -0.11720 -130.04212 -0.06686 
  2.8 1.50 120.0  -130.06616 -0.09070 -130.10557 -0.13018 -130.05306 -0.07838 
  2.0 7.00 130.0  -130.17392 -0.19375 -130.17371 -0.19353 -130.17368 -0.19350 
  2.2 7.00 130.0  -130.19608 -0.21677 -130.19594 -0.21663 -130.19591 -0.21659 
  2.4 7.00 130.0  -130.17823 -0.19972 -130.17813 -0.19961 -130.17809 -0.19957 
  2.6 7.00 130.0  -130.14417 -0.16628 -130.14408 -0.16618 -130.14403 -0.16613 
  2.0 5.00 130.0  -130.17464 -0.19474 -130.17130 -0.19131 -130.17060 -0.19057 
  2.2 5.00 130.0  -130.19590 -0.21682 -130.19349 -0.21439 -130.19266 -0.21353 
  2.4 5.00 130.0  -130.17759 -0.19932 -130.17573 -0.19746 -130.17469 -0.19638 
  2.6 5.00 130.0  -130.14321 -0.16560 -130.14186 -0.16424 -130.14044 -0.16278 
  2.0 4.00 130.0  -130.17442 -0.19521 -130.16057 -0.18113 -130.15737 -0.17782 
  2.2 4.00 130.0  -130.19391 -0.21553 -130.18338 -0.20496 -130.17930 -0.20074 
  2.4 4.00 130.0  -130.17501 -0.19757 -130.16722 -0.18979 -130.16138 -0.18376 
  2.6 4.00 130.0  -130.14051 -0.16395 -130.13694 -0.16037 -130.12730 -0.15049 
  2.0 3.50 130.0  -130.17116 -0.19256 -130.14712 -0.16845 -130.14018 -0.16131 
  2.2 3.50 130.0  -130.19088 -0.21327 -130.17334 -0.19596 -130.16332 -0.18563 
  2.4 3.50 130.0  -130.17344 -0.19709 -130.16488 -0.18884 -130.14796 -0.17151 
  2.6 3.50 130.0  -130.14146 -0.16652 -130.14845 -0.17341 -130.11913 -0.14392 
  2.0 3.00 130.0  -130.16061 -0.18295 -130.12963 -0.15257 -130.11272 -0.13536 
  2.2 3.00 130.0  -130.18302 -0.20869 -130.17378 -0.19835 -130.14638 -0.17073 
  2.4 3.00 130.0  -130.17772 -0.20326 -130.18842 -0.21374 -130.14961 -0.17533 
  2.6 3.00 130.0  -130.15510 -0.18673 -130.18859 -0.21412 -130.14189 -0.16819 
  2.0 2.75 130.0  -130.14844 -0.17336 -130.12608 -0.15004 -130.09942 -0.12327 
  2.2 2.75 130.0  -130.18571 -0.21029 -130.18552 -0.21045 -130.14810 -0.17339 
  2.4 2.75 130.0  -130.19012 -0.21469 -130.20872 -0.23399 -130.16376 -0.18967 
  2.6 2.75 130.0  -130.17957 -0.20447 -130.21172 -0.23716 -130.16205 -0.18829 
  2.0 2.50 130.0  -130.14092 -0.16445 -130.12813 -0.15241 -130.09206 -0.11673 
  2.2 2.50 130.0  -130.18982 -0.21340 -130.19837 -0.22313 -130.15512 -0.18044 
  2.4 2.50 130.0  -130.20124 -0.22523 -130.22508 -0.25013 -130.17726 -0.20299 
  2.6 2.50 130.0  -130.19359 -0.21818 -130.22846 -0.25370 -130.17735 -0.20340 
  2.8 2.50 130.0  -130.17664 -0.20191 -130.22002 -0.24535 -130.16624 -0.19251 
  2.0 2.25 130.0  -130.12762 -0.15014 -130.12463 -0.14864 -130.08312 -0.10771 
  2.2 2.25 130.0  -130.18489 -0.20791 -130.19893 -0.22335 -130.15300 -0.17805 
  2.4 2.25 130.0  -130.19941 -0.22308 -130.22584 -0.25057 -130.17662 -0.20205 
  2.6 2.25 130.0  -130.19229 -0.21667 -130.22823 -0.25318 -130.17634 -0.20210 
  2.8 2.25 130.0  -130.17495 -0.20005 -130.21866 -0.24372 -130.16441 -0.19041 
  2.2 2.00 130.0  -130.15063 -0.17335 -130.16678 -0.19078 -130.11958 -0.14421 
  2.4 2.00 130.0  -130.16553 -0.18898 -130.19249 -0.21681 -130.14254 -0.16754 
  2.6 2.00 130.0  -130.15840 -0.18257 -130.19418 -0.21875 -130.14185 -0.16720 
  2.8 2.00 130.0  -130.14163 -0.16653 -130.18487 -0.20959 -130.13037 -0.15601 
  2.2 1.75 130.0  -130.05329 -0.07576 -130.06959 -0.09250 -130.02191 -0.04519 
  2.4 1.75 130.0  -130.07007 -0.09325 -130.09658 -0.11993 -130.04635 -0.07018 
  2.6 1.75 130.0  -130.06717 -0.09107 -130.10226 -0.12600 -130.04978 -0.07416 
  2.8 1.75 130.0  -130.05708 -0.08171 -130.09953 -0.12358 -130.04499 -0.06984 
  2.0 7.00 140.0  -130.17393 -0.19377 -130.17370 -0.19352 -130.17366 -0.19349 
  2.2 7.00 140.0  -130.19608 -0.21678 -130.19592 -0.21661 -130.19588 -0.21657 
  2.4 7.00 140.0  -130.17823 -0.19973 -130.17811 -0.19960 -130.17806 -0.19955 
  2.6 7.00 140.0  -130.14416 -0.16628 -130.14406 -0.16617 -130.14400 -0.16611 
  2.0 5.00 140.0  -130.17459 -0.19474 -130.17071 -0.19075 -130.16983 -0.18982 
  2.2 5.00 140.0  -130.19570 -0.21668 -130.19281 -0.21375 -130.19178 -0.21267 
  2.4 5.00 140.0  -130.17731 -0.19911 -130.17497 -0.19675 -130.17369 -0.19542 
  2.6 5.00 140.0  -130.14287 -0.16535 -130.14106 -0.16350 -130.13931 -0.16171 
  2.0 4.00 140.0  -130.17362 -0.19452 -130.15792 -0.17863 -130.15393 -0.17449 
  2.2 4.00 140.0  -130.19303 -0.21483 -130.18060 -0.20239 -130.17551 -0.19711 
  2.4 4.00 140.0  -130.17431 -0.19713 -130.16481 -0.18771 -130.15739 -0.18001 
  2.6 4.00 140.0  -130.14030 -0.16412 -130.13613 -0.16009 -130.12342 -0.14696 
  2.0 3.50 140.0  -130.16909 -0.19065 -130.14275 -0.16444 -130.13405 -0.15546 
  2.2 3.50 140.0  -130.18958 -0.21233 -130.17034 -0.19356 -130.15739 -0.18017 
  2.4 3.50 140.0  -130.17384 -0.19809 -130.16623 -0.19108 -130.14385 -0.16815 
  2.6 3.50 140.0  -130.14508 -0.17117 -130.15590 -0.18166 -130.12028 -0.14618 
  2.0 3.00 140.0  -130.15450 -0.17987 -130.12802 -0.15177 -130.10626 -0.12970 
  2.2 3.00 140.0  -130.18473 -0.21029 -130.17952 -0.20483 -130.14654 -0.17195 
  2.4 3.00 140.0  -130.18533 -0.21067 -130.19971 -0.22547 -130.15737 -0.18380 
  2.6 3.00 140.0  -130.17340 -0.19883 -130.20285 -0.22869 -130.15455 -0.18128 
  2.0 2.75 140.0  -130.14696 -0.17149 -130.12955 -0.15413 -130.09769 -0.12248 
  2.2 2.75 140.0  -130.18988 -0.21417 -130.19449 -0.21975 -130.15374 -0.17960 
  2.4 2.75 140.0  -130.19829 -0.22277 -130.21986 -0.24535 -130.17334 -0.19961 
  2.6 2.75 140.0  -130.18972 -0.21464 -130.22346 -0.24904 -130.17304 -0.19953 
  2.0 2.50 140.0  -130.13900 -0.16218 -130.13249 -0.15697 -130.09336 -0.11844 
  2.2 2.50 140.0  -130.19066 -0.21410 -130.20310 -0.22797 -130.15840 -0.18398 
  2.4 2.50 140.0  -130.20200 -0.22596 -130.22799 -0.25310 -130.17939 -0.20530 
  2.6 2.50 140.0  -130.19252 -0.21712 -130.22868 -0.25390 -130.17702 -0.20316 
  2.0 2.25 140.0  -130.11567 -0.13803 -130.11753 -0.14154 -130.07477 -0.09948 
  2.2 2.25 140.0  -130.16888 -0.19183 -130.18554 -0.20993 -130.13890 -0.16402 
  2.4 2.25 140.0  -130.17689 -0.20051 -130.20486 -0.22947 -130.15507 -0.18048 
  2.6 2.25 140.0  -130.16241 -0.18639 -130.19750 -0.22274 -130.14511 -0.17073 
  2.0 7.00 150.0  -130.17387 -0.19371 -130.17368 -0.19351 -130.17364 -0.19346 
  2.2 7.00 150.0  -130.19603 -0.21673 -130.19590 -0.21659 -130.19585 -0.21655 
  2.4 7.00 150.0  -130.17818 -0.19968 -130.17808 -0.19957 -130.17803 -0.19952 
  2.6 7.00 150.0  -130.14411 -0.16622 -130.14403 -0.16614 -130.14397 -0.16608 
  2.0 5.00 150.0  -130.17312 -0.19327 -130.16997 -0.19004 -130.16892 -0.18894 
  2.2 5.00 150.0  -130.19425 -0.21526 -130.19191 -0.21289 -130.19071 -0.21164 
  2.4 5.00 150.0  -130.17582 -0.19766 -130.17391 -0.19574 -130.17246 -0.19423 
  2.6 5.00 150.0  -130.14131 -0.16385 -130.13985 -0.16237 -130.13793 -0.16037 
  2.0 4.00 150.0  -130.16723 -0.18821 -130.15428 -0.17510 -130.14966 -0.17032 
  2.2 4.00 150.0  -130.18673 -0.20865 -130.17634 -0.19831 -130.17059 -0.19232 
  2.4 4.00 150.0  -130.16808 -0.19108 -130.16021 -0.18342 -130.15194 -0.17477 
  2.6 4.00 150.0  -130.13445 -0.15857 -130.13220 -0.15672 -130.11779 -0.14166 
  2.0 3.50 150.0  -130.15716 -0.17899 -130.13561 -0.15758 -130.12573 -0.14738 
  2.2 3.50 150.0  -130.17833 -0.20140 -130.16336 -0.18714 -130.14843 -0.17162 
  2.4 3.50 150.0  -130.16420 -0.18906 -130.16272 -0.18857 -130.13610 -0.16119 
  2.6 3.50 150.0  -130.13624 -0.16360 -130.15727 -0.18391 -130.11798 -0.14504 
  2.0 3.00 150.0  -130.13386 -0.16027 -130.12038 -0.14491 -130.09473 -0.11893 
  2.2 3.00 150.0  -130.17167 -0.19710 -130.17769 -0.20370 -130.14099 -0.16738 
  2.4 3.00 150.0  -130.17827 -0.20349 -130.20150 -0.22778 -130.15713 -0.18426 
  2.6 3.00 150.0  -130.17050 -0.19595 -130.20579 -0.23208 -130.15679 -0.18412 
  2.0 2.75 150.0  -130.12761 -0.15193 -130.12433 -0.14943 -130.08902 -0.11458 
  2.2 2.75 150.0  -130.17612 -0.20027 -130.19213 -0.21776 -130.14944 -0.17582 
  2.4 2.75 150.0  -130.18747 -0.21195 -130.21691 -0.24273 -130.16961 -0.19634 
  2.6 2.75 150.0  -130.17890 -0.20390 -130.21777 -0.24364 -130.16716 -0.19406 
  2.8 2.75 150.0  -130.15971 -0.18530 -130.20589 -0.23167 -130.15253 -0.17945 
  2.0 2.50 150.0  -130.11536 -0.13841 -130.12305 -0.14773 -130.08222 -0.10760 
  2.2 2.50 150.0  -130.16735 -0.19079 -130.18978 -0.21484 -130.14437 -0.17023 
  2.4 2.50 150.0  -130.17463 -0.19864 -130.20746 -0.23271 -130.15862 -0.18475 
  2.6 2.50 150.0  -130.15747 -0.18211 -130.19827 -0.22357 -130.14662 -0.17287 
  2.8 2.50 150.0  -130.12700 -0.15226 -130.17445 -0.19969 -130.12029 -0.14656 
  2.2 2.25 150.0  -130.11436 -0.13736 -130.13962 -0.16396 -130.09383 -0.11775 
  2.4 2.25 150.0  -130.10518 -0.12879 -130.14007 -0.16376 -130.09054 -0.11465 
  2.6 2.25 150.0  -130.06805 -0.09226 -130.11030 -0.13404 -130.05807 -0.08238 
  2.8 2.25 150.0  -130.01632 -0.04055 -130.06450 -0.08822 -130.00978 -0.03424 
  2.0 7.00 160.0  -130.17375 -0.19359 -130.17366 -0.19349 -130.17361 -0.19344 
  2.2 7.00 160.0  -130.19593 -0.21663 -130.19588 -0.21658 -130.19583 -0.21652 
  2.4 7.00 160.0  -130.17809 -0.19959 -130.17806 -0.19955 -130.17800 -0.19949 
  2.6 7.00 160.0  -130.14402 -0.16614 -130.14400 -0.16612 -130.14393 -0.16604 
  2.0 5.00 160.0  -130.17059 -0.19072 -130.16921 -0.18930 -130.16803 -0.18806 
  2.2 5.00 160.0  -130.19185 -0.21285 -130.19096 -0.21197 -130.18964 -0.21059 
  2.4 5.00 160.0  -130.17334 -0.19519 -130.17274 -0.19461 -130.17121 -0.19301 
  2.6 5.00 160.0  -130.13870 -0.16125 -130.13842 -0.16099 -130.13650 -0.15898 
  2.0 4.00 160.0  -130.15635 -0.17730 -130.15012 -0.17099 -130.14516 -0.16587 
  2.2 4.00 160.0  -130.17570 -0.19763 -130.17102 -0.19306 -130.16513 -0.18693 
  2.4 4.00 160.0  -130.15650 -0.17954 -130.15350 -0.17682 -130.14552 -0.16843 
  2.6 4.00 160.0  -130.12243 -0.14662 -130.12401 -0.14883 -130.11052 -0.13453 
  2.0 3.50 160.0  -130.13667 -0.15862 -130.12596 -0.14796 -130.11592 -0.13761 
  2.2 3.50 160.0  -130.15728 -0.18049 -130.15125 -0.17527 -130.13642 -0.15971 
  2.4 3.50 160.0  -130.14344 -0.16870 -130.15232 -0.17926 -130.12270 -0.14821 
  2.6 3.50 160.0  -130.11965 -0.15020 -130.15081 -0.17853 -130.10942 -0.13773 
  2.0 3.00 160.0  -130.10609 -0.13029 -130.10497 -0.13023 -130.07616 -0.10077 
  2.2 3.00 160.0  -130.14473 -0.17187 -130.16761 -0.19429 -130.12829 -0.15557 
  2.4 3.00 160.0  -130.15644 -0.18351 -130.19350 -0.22041 -130.14812 -0.17600 
  2.6 3.00 160.0  -130.15179 -0.17875 -130.19645 -0.22340 -130.14766 -0.17577 
  2.0 2.75 160.0  -130.09328 -0.11865 -130.11020 -0.13575 -130.07255 -0.09870 
  2.2 2.75 160.0  -130.14667 -0.17202 -130.17907 -0.20508 -130.13537 -0.16220 
  2.4 2.75 160.0  -130.15920 -0.18458 -130.20009 -0.22633 -130.15282 -0.17997 
  2.6 2.75 160.0  -130.14713 -0.17262 -130.19349 -0.21974 -130.14452 -0.17074 
  2.0 2.50 160.0  -130.07487 -0.09824 -130.10159 -0.12644 -130.06000 -0.08492 
  2.2 2.50 160.0  -130.12393 -0.14783 -130.16021 -0.18540 -130.11566 -0.14045 
  2.4 2.50 160.0  -130.12128 -0.14540 -130.16468 -0.18918 -130.11667 -0.14151 
  2.6 2.50 160.0  -130.08690 -0.11124 -130.13508 -0.15952 -130.08457 -0.10951 
  2.0 2.25 160.0  -130.00615 -0.02788 -130.03690 -0.06012 -129.99402 -0.01748 
  2.2 2.25 160.0  -130.02615 -0.04891 -130.06453 -0.08784 -130.01839 -0.04195 
  2.4 2.25 160.0  -129.98366 -0.00678 -130.02754 -0.05091 -129.97856 -0.00227 
  2.6 2.25 160.0  -129.89895  0.07766 -129.94722  0.02940 -129.89573  0.08040 
  2.0 7.00 170.0  -130.17364 -0.19347 -130.17365 -0.19348 -130.17360 -0.19343 
  2.2 7.00 170.0  -130.19584 -0.21654 -130.19586 -0.21656 -130.19581 -0.21650 
  2.4 7.00 170.0  -130.17800 -0.19950 -130.17804 -0.19954 -130.17797 -0.19947 
  2.6 7.00 170.0  -130.14393 -0.16605 -130.14398 -0.16610 -130.14391 -0.16602 
  2.0 5.00 170.0  -130.16814 -0.18822 -130.16863 -0.18873 -130.16736 -0.18741 
  2.2 5.00 170.0  -130.18951 -0.21049 -130.19021 -0.21123 -130.18883 -0.20980 
  2.4 5.00 170.0  -130.17091 -0.19274 -130.17179 -0.19368 -130.17024 -0.19206 
  2.6 5.00 170.0  -130.13609 -0.15862 -130.13722 -0.15982 -130.13539 -0.15790 
  2.0 4.00 170.0  -130.14515 -0.16596 -130.14662 -0.16748 -130.14157 -0.16228 
  2.2 4.00 170.0  -130.16405 -0.18588 -130.16625 -0.18823 -130.16059 -0.18237 
  2.4 4.00 170.0  -130.14361 -0.16651 -130.14676 -0.16992 -130.13988 -0.16273 
  2.6 4.00 170.0  -130.10793 -0.13189 -130.11356 -0.13801 -130.10364 -0.12751 
  2.0 3.50 170.0  -130.11422 -0.13591 -130.11646 -0.13819 -130.10717 -0.12868 
  2.2 3.50 170.0  -130.13208 -0.15502 -130.13615 -0.15957 -130.12430 -0.14720 
  2.4 3.50 170.0  -130.11467 -0.13959 -130.13530 -0.16357 -130.10478 -0.12956 
  2.6 3.50 170.0  -130.09384 -0.12442 -130.13872 -0.16781 -130.09551 -0.12543 
  2.0 3.00 170.0  -130.06461 -0.08854 -130.08308 -0.10932 -130.05030 -0.07392 
  2.2 3.00 170.0  -130.11134 -0.13817 -130.15368 -0.18084 -130.11163 -0.13963 
  2.4 3.00 170.0  -130.13174 -0.15834 -130.18105 -0.20854 -130.13537 -0.16376 
  2.6 3.00 170.0  -130.12884 -0.15548 -130.18189 -0.20879 -130.13463 -0.16192 
  2.0 2.75 170.0  -130.05355 -0.07860 -130.09217 -0.11795 -130.05196 -0.07815 
  2.2 2.75 170.0  -130.11518 -0.14026 -130.16289 -0.18852 -130.11908 -0.14494 
  2.4 2.75 170.0  -130.12724 -0.15257 -130.17941 -0.20501 -130.13309 -0.15895 
  2.6 2.75 170.0  -130.10837 -0.13386 -130.16319 -0.18873 -130.11501 -0.14092 
  2.0 2.50 170.0  -130.03375 -0.05699 -130.07840 -0.10268 -130.03672 -0.06121 
  2.2 2.50 170.0  -130.07816 -0.10209 -130.12829 -0.15263 -130.08355 -0.10807 
  2.4 2.50 170.0  -130.06191 -0.08621 -130.11556 -0.13994 -130.06838 -0.09299 
  2.6 2.50 170.0  -130.00383 -0.02833 -130.05981 -0.08418 -130.01073 -0.03546 
    2.00   7.00 180.00 -.19346 -.19346 -.19352 -.19352 -.19346 -.19346
    2.20   7.00 180.00 -.21654 -.21654 -.21660 -.21660 -.21654 -.21654
    2.40   7.00 180.00 -.19954 -.19954 -.19960 -.19960 -.19954 -.19954
    2.60   7.00 180.00 -.16616 -.16616 -.16624 -.16624 -.16616 -.16616
    2.00   5.00 180.00 -.18721 -.18721 -.18856 -.18856 -.18721 -.18721
    2.20   5.00 180.00 -.20954 -.20954 -.21100 -.21100 -.20954 -.20954
    2.40   5.00 180.00 -.19177 -.19177 -.19339 -.19339 -.19177 -.19177
    2.60   5.00 180.00 -.15762 -.15762 -.15950 -.15950 -.15762 -.15762
    2.00   4.00 180.00 -.16092 -.16092 -.16611 -.16611 -.16092 -.16092
    2.20   4.00 180.00 -.18057 -.18057 -.18625 -.18625 -.18057 -.18057
    2.40   4.00 180.00 -.16041 -.16041 -.16689 -.16689 -.16041 -.16041
    2.60   4.00 180.00 -.12455 -.12455 -.13263 -.13263 -.12455 -.12455
    2.00   3.50 180.00 -.12492 -.12492 -.13384 -.13384 -.12492 -.12492
    2.20   3.50 180.00 -.14140 -.14140 -.15119 -.15119 -.14140 -.14140
    2.40   3.50 180.00 -.11904 -.11904 -.15136 -.15136 -.11904 -.11904
    2.60   3.50 180.00 -.11711 -.11711 -.16203 -.16203 -.11711 -.11711
    2.00   3.00 180.00 -.05739 -.05739 -.09213 -.09213 -.05739 -.05739
    2.20   3.00 180.00 -.13049 -.13049 -.17358 -.17358 -.13049 -.13049
    2.40   3.00 180.00 -.15721 -.15721 -.20227 -.20227 -.15721 -.15721
    2.60   3.00 180.00 -.15492 -.15492 -.20122 -.20122 -.15492 -.15492
    2.00   2.75 180.00 -.06888 -.06888 -.10987 -.10987 -.06888 -.06888
    2.20   2.75 180.00 -.13695 -.13695 -.18067 -.18067 -.13695 -.13695
    2.40   2.75 180.00 -.14886 -.14886 -.19463 -.19463 -.14886 -.14886
    2.60   2.75 180.00 -.12628 -.12628 -.17339 -.17339 -.12628 -.12628
    2.00   2.50 180.00 -.05034 -.05034 -.09194 -.09194 -.05034 -.05034
    2.20   2.50 180.00 -.09315 -.09315 -.13754 -.13754 -.09315 -.09315
    2.40   2.50 180.00 -.07038 -.07038 -.11689 -.11689 -.07038 -.07038
    2.60   2.50 180.00 -.00018 -.00018 -.04808 -.04808 -.00018 -.00018
file=spline3d.d




