  2
          40           19 
  1.50000000000000000       1.64102564102564097       1.78205128205128194
  1.92307692307692313       2.06410256410256387       2.20512820512820529 
  2.34615384615384626       2.48717948717948723       2.62820512820512819 
  2.76923076923076916       2.91025641025641013       3.05128205128205110   
  3.19230769230769251       3.33333333333333348       3.47435897435897445
  3.61538461538461542       3.75641025641025639       3.89743589743589736      
  4.03846153846153832       4.17948717948717974       4.32051282051282026     
  4.46153846153846168       4.60256410256410220       4.74358974358974361     
  4.88461538461538503       5.02564102564102555       5.16666666666666696     
  5.30769230769230749       5.44871794871794890       5.58974358974358942     
  5.73076923076923084       5.87179487179487136       6.01282051282051277     
  6.15384615384615419       6.29487179487179471       6.43589743589743613     
  6.57692307692307665       6.71794871794871806       6.85897435897435859     
  7.00000000000000000     

  0.000000000000000000E+00 
  .840800E-01  .881556E-01  .914709E-01  .932655E-01  .927791E-01  .892513E-01  .819218E-01  .700304E-01  .528165E-01  .295263E-01
  .302837E-02 -.142814E-01 -.161364E-01 -.732436E-02  .651690E-02  .201946E-01  .316199E-01  .400254E-01  .446540E-01  .452649E-01
  .425591E-01  .373376E-01  .304017E-01  .225527E-01  .145918E-01  .731928E-02  .129252E-02 -.350148E-02 -.715755E-02 -.977053E-02
 -.114352E-01 -.122465E-01 -.122991E-01 -.116880E-01 -.105079E-01 -.885362E-02 -.682006E-02 -.450202E-02 -.199433E-02  .608195E-03
  .263028E+01  .253621E+01  .244533E+01  .236082E+01  .228586E+01  .222364E+01  .217735E+01  .215017E+01  .214529E+01  .216588E+01
  .221189E+01  .227459E+01  .234067E+01  .239237E+01  .241156E+01  .238388E+01  .232097E+01  .224558E+01  .218040E+01  .213916E+01
  .211924E+01  .211624E+01  .212580E+01  .214353E+01  .216507E+01  .218605E+01  .220335E+01  .221685E+01  .222683E+01  .223359E+01
  .223743E+01  .223863E+01  .223749E+01  .223430E+01  .222935E+01  .222294E+01  .221535E+01  .220689E+01  .219785E+01  .218851E+01
  .146119E+01  .145119E+01  .144196E+01  .143428E+01  .142892E+01  .142665E+01  .142825E+01  .143450E+01  .144616E+01  .146399E+01
  .147634E+01  .143911E+01  .133721E+01  .120491E+01  .108028E+01  .996984E+00  .958083E+00  .953598E+00  .973524E+00  .100989E+01
  .105842E+01  .111526E+01  .117653E+01  .123836E+01  .129687E+01  .134821E+01  .138975E+01  .142181E+01  .144511E+01  .146038E+01
  .146836E+01  .146977E+01  .146534E+01  .145580E+01  .144189E+01  .142432E+01  .140384E+01  .138117E+01  .135704E+01  .133218E+01
  .286386E+00  .286386E+00  .286386E+00  .286386E+00  .286386E+00  .286386E+00  .286386E+00  .286386E+00  .286386E+00  .286385E+00
  .286385E+00  .286386E+00  .286387E+00  .286387E+00  .286386E+00  .286383E+00  .286380E+00  .286381E+00  .286389E+00  .286405E+00
  .286424E+00  .286440E+00  .286449E+00  .286445E+00  .286422E+00  .286375E+00  .286301E+00  .286201E+00  .286077E+00  .285931E+00
  .285764E+00  .285580E+00  .285380E+00  .285166E+00  .284940E+00  .284704E+00  .284460E+00  .284210E+00  .283955E+00  .283699E+00

   10.0000000000000000     
  .847291E-01  .112391E+00  .136998E+00  .155496E+00  .164832E+00  .161949E+00  .143795E+00  .107313E+00  .536778E-01  .627522E-02
 -.151240E-01 -.197990E-01 -.171109E-01 -.964628E-02  .529722E-03  .114312E-01  .216270E-01  .299218E-01  .351279E-01  .366877E-01
  .351939E-01  .313615E-01  .259056E-01  .195414E-01  .129838E-01  .694717E-02  .193080E-02 -.207097E-02 -.513619E-02 -.734290E-02
 -.876915E-02 -.949300E-02 -.959247E-02 -.914562E-02 -.823050E-02 -.692515E-02 -.530761E-02 -.345594E-02 -.144817E-02  .637636E-03
  .293113E+01  .273347E+01  .254518E+01  .237563E+01  .223418E+01  .213020E+01  .207306E+01  .207212E+01  .212872E+01  .220193E+01
  .225524E+01  .230077E+01  .234583E+01  .237925E+01  .238843E+01  .236346E+01  .231302E+01  .225370E+01  .220206E+01  .216814E+01
  .215002E+01  .214454E+01  .214853E+01  .215881E+01  .217223E+01  .218560E+01  .219668E+01  .220534E+01  .221177E+01  .221616E+01
  .221869E+01  .221954E+01  .221891E+01  .221698E+01  .221393E+01  .220995E+01  .220523E+01  .219995E+01  .219430E+01  .218847E+01
  .122522E+00  .974476E-01  .793291E-01  .751219E-01  .917816E-01  .136264E+00  .215524E+00  .336519E+00  .499319E+00  .667814E+00
  .810024E+00  .936469E+00  .105166E+01  .114142E+01  .119011E+01  .118598E+01  .114424E+01  .109159E+01  .105466E+01  .104907E+01
  .107036E+01  .111194E+01  .116720E+01  .122955E+01  .129240E+01  .134915E+01  .139522E+01  .143074E+01  .145654E+01  .147341E+01
  .148217E+01  .148364E+01  .147861E+01  .146791E+01  .145234E+01  .143271E+01  .140985E+01  .138454E+01  .135762E+01  .132989E+01
  .893945E+01  .108887E+02  .126006E+02  .138379E+02  .143632E+02  .139392E+02  .123287E+02  .929413E+01  .498059E+01  .154191E+01
  .613126E+00  .698044E+00  .623621E+00  .423394E+00  .223692E+00  .134582E+00  .152727E+00  .226495E+00  .304272E+00  .353380E+00
  .375714E+00  .376843E+00  .362340E+00  .337775E+00  .308719E+00  .280738E+00  .257779E+00  .239989E+00  .226970E+00  .218325E+00
  .213656E+00  .212565E+00  .214656E+00  .219530E+00  .226789E+00  .236037E+00  .246875E+00  .258905E+00  .271732E+00  .284955E+00

   20.0000000000000000     
  .783475E-01  .901257E-01  .999450E-01  .105846E+00  .105870E+00  .980584E-01  .804514E-01  .510902E-01  .110653E-01 -.225050E-01
 -.354292E-01 -.353171E-01 -.296802E-01 -.207166E-01 -.102158E-01  .133603E-03  .934709E-02  .167398E-01  .216320E-01  .237433E-01
  .235212E-01  .214911E-01  .181781E-01  .141074E-01  .980438E-02  .579356E-02  .244343E-02 -.244370E-03 -.232079E-02 -.383677E-02
 -.484327E-02 -.539123E-02 -.553160E-02 -.531533E-02 -.479337E-02 -.401667E-02 -.303617E-02 -.190283E-02 -.667592E-03  .618595E-03
  .263292E+01  .251208E+01  .239746E+01  .229531E+01  .221184E+01  .215330E+01  .212590E+01  .213589E+01  .218406E+01  .224274E+01
  .228624E+01  .231912E+01  .234529E+01  .236053E+01  .236000E+01  .234013E+01  .230624E+01  .226744E+01  .223281E+01  .220789E+01
  .219175E+01  .218276E+01  .217930E+01  .217975E+01  .218249E+01  .218590E+01  .218881E+01  .219112E+01  .219286E+01  .219410E+01
  .219487E+01  .219522E+01  .219520E+01  .219486E+01  .219423E+01  .219337E+01  .219233E+01  .219115E+01  .218987E+01  .218855E+01
  .699000E+00  .655275E+00  .616873E+00  .589119E+00  .577335E+00  .586845E+00  .622974E+00  .691044E+00  .791537E+00  .899471E+00
  .991187E+00  .106875E+01  .113286E+01  .117619E+01  .119077E+01  .117115E+01  .112941E+01  .108506E+01  .105760E+01  .105807E+01
  .108218E+01  .112400E+01  .117761E+01  .123706E+01  .129644E+01  .134982E+01  .139309E+01  .142640E+01  .145053E+01  .146624E+01
  .147429E+01  .147545E+01  .147049E+01  .146017E+01  .144525E+01  .142651E+01  .140470E+01  .138059E+01  .135496E+01  .132856E+01
  .178640E+01  .205134E+01  .228404E+01  .245221E+01  .252361E+01  .246599E+01  .224707E+01  .183460E+01  .124168E+01  .719732E+00
  .471734E+00  .363749E+00  .282600E+00  .224834E+00  .195439E+00  .197713E+00  .223198E+00  .258427E+00  .289970E+00  .309581E+00
  .318486E+00  .318919E+00  .313112E+00  .303298E+00  .291710E+00  .280578E+00  .271485E+00  .264487E+00  .259424E+00  .256133E+00
  .254455E+00  .254227E+00  .255289E+00  .257479E+00  .260636E+00  .264599E+00  .269207E+00  .274299E+00  .279713E+00  .285288E+00

   30.0000000000000000     
  .797445E-01  .107754E+00  .120162E+00  .121363E+00  .115756E+00  .087737E+00  .539918E-01 -.361986E-02 -.345700E-01 -.445567E-01
 -.469263E-01 -.435501E-01 -.353161E-01 -.244251E-01 -.131787E-01 -.365429E-02  .363695E-02  .885051E-02  .121449E-01  .137286E-01
  .139014E-01  .129729E-01  .112527E-01  .905030E-02  .667521E-02  .443666E-02  .255249E-02  .102595E-02 -.170464E-03 -.106427E-02
 -.168297E-02 -.205407E-02 -.220510E-02 -.216355E-02 -.195695E-02 -.161279E-02 -.115859E-02 -.621855E-03 -.301029E-04  .589159E-03
  .262728E+01  .247976E+01  .234423E+01  .223270E+01  .215718E+01  .212965E+01  .215884E+01  .221730E+01  .226300E+01  .229441E+01
  .231999E+01  .233895E+01  .234916E+01  .234874E+01  .233583E+01  .230940E+01  .227426E+01  .223769E+01  .220694E+01  .218630E+01
  .217458E+01  .217003E+01  .217089E+01  .217540E+01  .218179E+01  .218832E+01  .219373E+01  .219794E+01  .220105E+01  .220314E+01
  .220431E+01  .220466E+01  .220426E+01  .220322E+01  .220163E+01  .219957E+01  .219715E+01  .219445E+01  .219157E+01  .218859E+01
  .101974E+01  .101622E+01  .101347E+01  .101227E+01  .101340E+01  .101762E+01  .102622E+01  .104598E+01  .108462E+01  .113687E+01
  .118734E+01  .120563E+01  .118760E+01  .117037E+01  .119421E+01  .129156E+01  .144018E+01  .159456E+01  .170928E+01  .175827E+01
  .175077E+01  .169974E+01  .161818E+01  .151905E+01  .141535E+01  .132003E+01  .124218E+01  .118177E+01  .113746E+01  .110789E+01
  .109174E+01  .108766E+01  .109431E+01  .111035E+01  .113443E+01  .116523E+01  .120138E+01  .124156E+01  .128443E+01  .132863E+01
  .776040E+00  .830163E+00  .872383E+00  .890798E+00  .873506E+00  .808604E+00  .687828E+00  .542978E+00  .422493E+00  .332151E+00
  .266210E+00  .225705E+00  .207653E+00  .201696E+00  .196908E+00  .184016E+00  .165271E+00  .147832E+00  .138842E+00  .142204E+00
  .155896E+00  .177270E+00  .203676E+00  .232466E+00  .260989E+00  .286600E+00  .307468E+00  .323676E+00  .335583E+00  .343547E+00
  .347928E+00  .349082E+00  .347369E+00  .343147E+00  .336775E+00  .328610E+00  .319012E+00  .308338E+00  .296948E+00  .285199E+00

   40.0000000000000000     
  .771379E-01  .696803E-01  .656774E-01  .585840E-01  .418549E-01  .189446E-01 -.107785E-01 -.378913E-01 -.498223E-01 -.501142E-01
 -.456256E-01 -.378905E-01 -.279447E-01 -.173735E-01 -.780472E-02 -.665241E-03  .401759E-02  .681248E-02  .828895E-02  .887991E-02
  .876903E-02  .811343E-02  .707024E-02  .579658E-02  .444957E-02  .318617E-02  .211668E-02  .124183E-02  .546660E-03  .161834E-04
 -.364567E-03 -.610564E-03 -.736779E-03 -.758187E-03 -.689759E-03 -.546468E-03 -.343286E-03 -.951864E-04  .182858E-03  .475876E-03
  .265668E+01  .254467E+01  .244085E+01  .235342E+01  .229058E+01  .226052E+01  .226929E+01  .229911E+01  .232217E+01  .233504E+01
  .234107E+01  .234012E+01  .233210E+01  .231777E+01  .229797E+01  .227375E+01  .224771E+01  .222310E+01  .220317E+01  .218972E+01
  .218192E+01  .217867E+01  .217885E+01  .218137E+01  .218512E+01  .218899E+01  .219220E+01  .219468E+01  .219651E+01  .219772E+01
  .219839E+01  .219856E+01  .219828E+01  .219762E+01  .219663E+01  .219536E+01  .219387E+01  .219221E+01  .219045E+01  .218863E+01
  .130631E+01  .131924E+01  .132932E+01  .133371E+01  .132959E+01  .131409E+01  .128538E+01  .125255E+01  .123424E+01  .126367E+01
  .134901E+01  .141963E+01  .143686E+01  .142661E+01  .141972E+01  .144243E+01  .148870E+01  .153872E+01  .157276E+01  .157946E+01
  .156286E+01  .152861E+01  .148238E+01  .142981E+01  .137658E+01  .132833E+01  .128900E+01  .125848E+01  .123610E+01  .122119E+01
  .121305E+01  .121103E+01  .121442E+01  .122257E+01  .123478E+01  .125039E+01  .126871E+01  .128906E+01  .131077E+01  .133316E+01
  .262857E+00  .265891E+00  .268257E+00  .269289E+00  .268320E+00  .264682E+00  .257775E+00  .247710E+00  .233762E+00  .208484E+00
  .170576E+00  .140828E+00  .131064E+00  .135008E+00  .144991E+00  .154207E+00  .161841E+00  .169634E+00  .179328E+00  .191818E+00
  .206454E+00  .222421E+00  .238906E+00  .255092E+00  .270167E+00  .283316E+00  .293997E+00  .302302E+00  .308412E+00  .312512E+00
  .314784E+00  .315410E+00  .314573E+00  .312457E+00  .309244E+00  .305117E+00  .300259E+00  .294852E+00  .289079E+00  .283124E+00

   50.0000000000000000     
  .705233E-01  .524452E-01  .307169E-01  .768832E-02 -.829061E-02 -.228700E-01 -.355010E-01 -.434425E-01 -.436166E-01 -.382949E-01
 -.307416E-01 -.221690E-01 -.134521E-01 -.546810E-02  .905428E-03  .493361E-02  .687623E-02  .741666E-02  .723765E-02  .681119E-02
  .622451E-02  .552392E-02  .475572E-02  .396622E-02  .320172E-02  .250846E-02  .191806E-02  .142774E-02  .102981E-02  .716576E-03
  .480326E-03  .313366E-03  .207998E-03  .156523E-03  .151242E-03  .184455E-03  .248464E-03  .335569E-03  .438073E-03  .548276E-03
  .275127E+01  .264712E+01  .254938E+01  .246445E+01  .239875E+01  .235868E+01  .234887E+01  .235445E+01  .235309E+01  .234651E+01
  .234021E+01  .232858E+01  .230875E+01  .228437E+01  .225963E+01  .223827E+01  .222115E+01  .220792E+01  .219819E+01  .219157E+01
  .218755E+01  .218563E+01  .218531E+01  .218610E+01  .218749E+01  .218899E+01  .219023E+01  .219119E+01  .219189E+01  .219235E+01
  .219259E+01  .219265E+01  .219252E+01  .219225E+01  .219185E+01  .219134E+01  .219074E+01  .219008E+01  .218937E+01  .218864E+01
  .135824E+01  .135805E+01  .136366E+01  .138085E+01  .139542E+01  .139316E+01  .137161E+01  .134763E+01  .134231E+01  .133650E+01
  .131786E+01  .132702E+01  .138198E+01  .145563E+01  .151742E+01  .154098E+01  .152911E+01  .149708E+01  .146011E+01  .142820E+01
  .140173E+01  .138005E+01  .136254E+01  .134855E+01  .133745E+01  .132860E+01  .132150E+01  .131599E+01  .131194E+01  .130923E+01
  .130774E+01  .130734E+01  .130792E+01  .130935E+01  .131152E+01  .131429E+01  .131755E+01  .132117E+01  .132504E+01  .132904E+01
  .864015E-01  .897849E-01  .102140E+00  .122438E+00  .139652E+00  .152753E+00  .160852E+00  .164612E+00  .165859E+00  .167521E+00
  .170275E+00  .167939E+00  .158778E+00  .149061E+00  .145674E+00  .154378E+00  .173107E+00  .196462E+00  .219050E+00  .237457E+00
  .251878E+00  .262894E+00  .271086E+00  .277034E+00  .281317E+00  .284516E+00  .287065E+00  .289055E+00  .290531E+00  .291533E+00
  .292107E+00  .292294E+00  .292137E+00  .291680E+00  .290965E+00  .290036E+00  .288934E+00  .287704E+00  .286388E+00  .285029E+00

   60.0000000000000000     
  .605984E-01  .396574E-01  .195988E-01  .130456E-02 -.143135E-01 -.254981E-01 -.298477E-01 -.283020E-01 -.236116E-01 -.170312E-01
 -.952405E-02 -.260078E-02  .278233E-02  .659423E-02  .887503E-02  .970261E-02  .941820E-02  .847519E-02  .732582E-02  .627005E-02
  .532986E-02  .449768E-02  .376591E-02  .312696E-02  .257325E-02  .209720E-02  .169191E-02  .135211E-02  .107277E-02  .848842E-03
  .675293E-03  .547083E-03  .459177E-03  .406534E-03  .384119E-03  .386893E-03  .409818E-03  .447857E-03  .495971E-03  .549123E-03
  .275314E+01  .264103E+01  .253991E+01  .246076E+01  .241405E+01  .239540E+01  .238482E+01  .237419E+01  .236297E+01  .234936E+01
  .233144E+01  .230822E+01  .228082E+01  .225314E+01  .222926E+01  .221271E+01  .220295E+01  .219775E+01  .219488E+01  .219280E+01
  .219128E+01  .219022E+01  .218954E+01  .218914E+01  .218893E+01  .218882E+01  .218873E+01  .218866E+01  .218860E+01  .218856E+01
  .218853E+01  .218851E+01  .218850E+01  .218850E+01  .218851E+01  .218853E+01  .218855E+01  .218857E+01  .218860E+01  .218862E+01
  .131768E+01  .133731E+01  .136733E+01  .138813E+01  .138075E+01  .135470E+01  .133770E+01  .132995E+01  .131856E+01  .131480E+01
  .133422E+01  .138228E+01  .145149E+01  .151824E+01  .155766E+01  .154915E+01  .150188E+01  .143768E+01  .137837E+01  .133746E+01
  .131329E+01  .130262E+01  .130219E+01  .130876E+01  .131907E+01  .132987E+01  .133883E+01  .134580E+01  .135093E+01  .135438E+01
  .135629E+01  .135682E+01  .135613E+01  .135436E+01  .135168E+01  .134822E+01  .134416E+01  .133963E+01  .133480E+01  .132981E+01
  .963192E-01  .989185E-01 1.045919E-01  .109413E+00  .127376E+00  .143137E+00  .152310E+00  .156789E+00  .161113E+00  .162868E+00
  .159508E+00  .154280E+00  .150803E+00  .151862E+00  .160175E+00  .177771E+00  .201854E+00  .227573E+00  .250091E+00  .266503E+00
  .277430E+00  .283871E+00  .286822E+00  .287281E+00  .286245E+00  .284710E+00  .283396E+00  .282375E+00  .281622E+00  .281117E+00
  .280836E+00  .280757E+00  .280858E+00  .281116E+00  .281508E+00  .282013E+00  .282608E+00  .283269E+00  .283976E+00  .284706E+00

   70.0000000000000000     
  .537007E-01  .342487E-01  .125501E-01 -.147688E-02 -.871102E-02 -.105858E-01 -.861140E-02 -.409735E-02  .176959E-02  .778036E-02
  .127956E-01  .158965E-01  .168155E-01  .161677E-01  .146358E-01  .128481E-01  .110535E-01  .933933E-02  .779185E-02  .646134E-02
  .533227E-02  .438211E-02  .358836E-02  .292847E-02  .237994E-02  .192026E-02  .153168E-02  .120764E-02  .943165E-03  .733300E-03
  .573078E-03  .457534E-03  .381705E-03  .340626E-03  .329333E-03  .342861E-03  .376247E-03  .424525E-03  .482732E-03  .545904E-03
  .276461E+01  .261734E+01  .251182E+01  .246469E+01  .244133E+01  .242055E+01  .240324E+01  .238721E+01  .236779E+01  .234103E+01
  .230653E+01  .227267E+01  .224525E+01  .222433E+01  .220952E+01  .220032E+01  .219547E+01  .219340E+01  .219254E+01  .219183E+01
  .219117E+01  .219057E+01  .219003E+01  .218955E+01  .218913E+01  .218877E+01  .218849E+01  .218826E+01  .218809E+01  .218797E+01
  .218790E+01  .218788E+01  .218789E+01  .218793E+01  .218801E+01  .218810E+01  .218822E+01  .218835E+01  .218849E+01  .218863E+01
  .125023E+01  .125105E+01  .125517E+01  .126733E+01  .128461E+01  .128181E+01  .126886E+01  .125530E+01  .125435E+01  .130402E+01
  .141633E+01  .151296E+01  .154589E+01  .153202E+01  .149324E+01  .144966E+01  .140904E+01  .137386E+01  .134658E+01  .132834E+01
  .131787E+01  .131365E+01  .131416E+01  .131787E+01  .132326E+01  .132881E+01  .133344E+01  .133708E+01  .133979E+01  .134167E+01
  .134277E+01  .134319E+01  .134300E+01  .134228E+01  .134109E+01  .133952E+01  .133764E+01  .133554E+01  .133328E+01  .133095E+01
  .962110E-01 1.107868E-01  .125149E+00  .139973E+00  .147985E+00  .154915E+00  .162242E+00  .167997E+00  .168273E+00  .159563E+00
  .143847E+00  .137209E+00  .148036E+00  .170314E+00  .196924E+00  .221401E+00  .241830E+00  .258233E+00  .270643E+00  .279282E+00
  .284717E+00  .287550E+00  .288384E+00  .287823E+00  .286469E+00  .284925E+00  .283625E+00  .282604E+00  .281840E+00  .281312E+00
  .280998E+00  .280878E+00  .280929E+00  .281130E+00  .281460E+00  .281897E+00  .282420E+00  .283008E+00  .283638E+00  .284290E+00

   80.0000000000000000     
  .409771E-01  .268787E-01  .133255E-01  .804324E-02  .797868E-02  .108230E-01  .158966E-01  .223661E-01  .289750E-01  .330276E-01
  .327256E-01  .299141E-01  .262547E-01  .222813E-01  .184414E-01  .151323E-01  .124041E-01  .101590E-01  .829860E-02  .674589E-02
  .546239E-02  .441376E-02  .356563E-02  .288368E-02  .233354E-02  .188090E-02  .149942E-02  .118152E-02  .922314E-03  .716910E-03
  .560416E-03  .447940E-03  .374593E-03  .335483E-03  .325719E-03  .340410E-03  .374665E-03  .423593E-03  .482303E-03  .545904E-03
  .269420E+01  .260334E+01  .253008E+01  .249551E+01  .246768E+01  .244956E+01  .243665E+01  .241607E+01  .237409E+01  .231865E+01
  .226441E+01  .222472E+01  .220473E+01  .219817E+01  .219787E+01  .219739E+01  .219543E+01  .219283E+01  .219046E+01  .218884E+01
  .218792E+01  .218754E+01  .218758E+01  .218790E+01  .218837E+01  .218885E+01  .218924E+01  .218955E+01  .218976E+01  .218991E+01
  .218998E+01  .218999E+01  .218994E+01  .218984E+01  .218971E+01  .218953E+01  .218933E+01  .218911E+01  .218888E+01  .218863E+01
  .123324E+01  .123686E+01  .123828E+01  .124407E+01  .126623E+01  .125780E+01  .112405E+01  .103977E+01  .125049E+01  .155611E+01
  .170756E+01  .171733E+01  .163797E+01  .151744E+01  .140333E+01  .133711E+01  .131742E+01  .132466E+01  .133924E+01  .134845E+01
  .135212E+01  .135144E+01  .134757E+01  .134169E+01  .133498E+01  .132861E+01  .132341E+01  .131940E+01  .131649E+01  .131459E+01
  .131361E+01  .131346E+01  .131404E+01  .131526E+01  .131703E+01  .131926E+01  .132186E+01  .132474E+01  .132780E+01  .133095E+01
  .091204E+00  .100116E+00  .122050E+00  .146045E+00  .143700E+00  .148599E+00  .192515E+00  .223545E+00  .166123E+00 1.365017E-01
 1.172569E-01  .134522E+00  .174551E+00  .211404E+00  .241279E+00  .261004E+00  .271808E+00  .276793E+00  .279057E+00  .280693E+00
  .281952E+00  .282890E+00  .283566E+00  .284034E+00  .284353E+00  .284578E+00  .284752E+00  .284882E+00  .284973E+00  .285027E+00
  .285048E+00  .285039E+00  .285003E+00  .284945E+00  .284866E+00  .284771E+00  .284662E+00  .284544E+00  .284418E+00  .284290E+00

   90.0000000000000000     
  .332582E-01  .211450E-01  .148754E-01  .140731E-01  .172812E-01  .237581E-01  .335486E-01  .448353E-01  .543432E-01  .573543E-01
  .515802E-01  .424274E-01  .340106E-01  .267648E-01  .208422E-01  .163493E-01  .130759E-01  .106768E-01  .880734E-02  .722805E-02
  .589135E-02  .477009E-02  .383711E-02  .306527E-02  .242742E-02  .189642E-02  .145089E-02  .108293E-02  .786577E-03  .555856E-03
  .384805E-03  .267456E-03  .197842E-03  .169996E-03  .177951E-03  .215741E-03  .277398E-03  .356956E-03  .448447E-03  .545906E-03
  .267495E+01  .260121E+01  .255711E+01  .253093E+01  .251075E+01  .249933E+01  .251158E+01  .251287E+01  .245205E+01  .235454E+01
  .226378E+01  .220370E+01  .218096E+01  .218213E+01  .219227E+01  .219803E+01  .219751E+01  .219364E+01  .218938E+01  .218658E+01
  .218518E+01  .218490E+01  .218544E+01  .218651E+01  .218784E+01  .218914E+01  .219021E+01  .219103E+01  .219162E+01  .219201E+01
  .219220E+01  .219223E+01  .219211E+01  .219186E+01  .219149E+01  .219103E+01  .219050E+01  .218991E+01  .218928E+01  .218863E+01
  .120528E+01  .122954E+01  .123427E+01  .121155E+01  .123431E+01  .124727E+01  .106630E+01  .801326E+00  .702405E+00  .774022E+00
  .935888E+00  .109941E+01  .121398E+01  .128548E+01  .132411E+01  .133980E+01  .134038E+01  .133279E+01  .132394E+01  .131826E+01
  .131561E+01  .131537E+01  .131692E+01  .131964E+01  .132292E+01  .132613E+01  .132884E+01  .133102E+01  .133271E+01  .133397E+01
  .133481E+01  .133530E+01  .133546E+01  .133534E+01  .133498E+01  .133441E+01  .133369E+01  .133284E+01  .133191E+01  .133095E+01
 1.068225E-01  .108224E+00  .126944E+00  .144091E+00  .141428E+00  .139817E+00  .196687E+00  .273336E+00  .290559E+00  .276358E+00
  .274917E+00  .279099E+00  .280142E+00  .279140E+00  .277944E+00  .278167E+00  .279759E+00  .281959E+00  .284010E+00  .285439E+00
  .286299E+00  .286697E+00  .286739E+00  .286534E+00  .286189E+00  .285810E+00  .285475E+00  .285191E+00  .284953E+00  .284757E+00
  .284601E+00  .284478E+00  .284387E+00  .284323E+00  .284282E+00  .284261E+00  .284254E+00  .284260E+00  .284273E+00  .284290E+00

   100.000000000000000     
  .382753E-01  .246507E-01  .988533E-02  .848705E-02  .814285E-02  .151385E-01  .251143E-01  .378078E-01  .516901E-01  .584949E-01
  .528037E-01  .426340E-01  .340732E-01  .272508E-01  .218382E-01  .175207E-01  .140813E-01  .113442E-01  .913462E-02  .731998E-02
  .584575E-02  .466559E-02  .373319E-02  .300224E-02  .242643E-02  .195946E-02  .156627E-02  .123809E-02  .969921E-03  .756754E-03
  .593593E-03  .475437E-03  .397285E-03  .354137E-03  .340992E-03  .352850E-03  .384710E-03  .431572E-03  .488435E-03  .550298E-03
  .272490E+01  .264668E+01  .258962E+01  .256173E+01  .254462E+01  .253746E+01  .255856E+01  .257848E+01  .254488E+01  .244437E+01
  .229843E+01  .218630E+01  .214931E+01  .216075E+01  .218863E+01  .220459E+01  .220509E+01  .219721E+01  .218805E+01  .218213E+01
  .217932E+01  .217897E+01  .218044E+01  .218309E+01  .218628E+01  .218936E+01  .219190E+01  .219386E+01  .219529E+01  .219623E+01
  .219674E+01  .219684E+01  .219660E+01  .219604E+01  .219522E+01  .219418E+01  .219296E+01  .219162E+01  .219018E+01  .218870E+01
  .117031E+01  .117601E+01  .117387E+01  .119233E+01  .124980E+01  .123218E+01  .105103E+01  .786323E+00  .614500E+00  .666930E+00
  .960275E+00  .124808E+01  .137845E+01  .139757E+01  .136687E+01  .134152E+01  .133308E+01  .133451E+01  .133874E+01  .134119E+01
  .134178E+01  .134092E+01  .133901E+01  .133647E+01  .133370E+01  .133111E+01  .132899E+01  .132734E+01  .132612E+01  .132530E+01
  .132484E+01  .132471E+01  .132487E+01  .132528E+01  .132591E+01  .132671E+01  .132767E+01  .132873E+01  .132987E+01  .133104E+01
 1.080576E-01  .126221E+00  .140970E+00  .136771E+00  .124825E+00  .131209E+00  .189727E+00  .260656E+00  .276320E+00  .263417E+00
  .262168E+00  .265788E+00  .266303E+00  .265185E+00  .264634E+00  .266527E+00  .270512E+00  .275284E+00  .279540E+00  .282486E+00
  .284251E+00  .285065E+00  .285156E+00  .284755E+00  .284089E+00  .283389E+00  .282817E+00  .282385E+00  .282082E+00  .281897E+00
  .281820E+00  .281839E+00  .281945E+00  .282126E+00  .282372E+00  .282671E+00  .283013E+00  .283388E+00  .283784E+00  .284191E+00

   110.000000000000000     
  .698419E-01  .308065E-01 -.678066E-02 -.147195E-01 -.117907E-01 -.824825E-02 -.123982E-02  .932812E-02  .212370E-01  .313987E-01
  .371964E-01  .380266E-01  .345165E-01  .285806E-01  .222326E-01  .172567E-01  .138373E-01  .114776E-01  .967969E-02  .810660E-02
  .671482E-02  .549208E-02  .442611E-02  .350463E-02  .271536E-02  .204604E-02  .148561E-02  .102593E-02  .659232E-03  .377775E-03
  .173809E-03  .395844E-04 -.326476E-04 -.506361E-04 -.221301E-04  .451212E-04  .143369E-03  .264864E-03  .401856E-03  .546598E-03
  .279161E+01  .269054E+01  .261555E+01  .257841E+01  .256166E+01  .255157E+01  .254323E+01  .253694E+01  .252952E+01  .248401E+01
  .238197E+01  .228347E+01  .222728E+01  .220294E+01  .219618E+01  .219404E+01  .219253E+01  .219148E+01  .219072E+01  .219014E+01
  .218971E+01  .218940E+01  .218919E+01  .218906E+01  .218897E+01  .218892E+01  .218887E+01  .218883E+01  .218879E+01  .218877E+01
  .218874E+01  .218872E+01  .218871E+01  .218870E+01  .218869E+01  .218869E+01  .218868E+01  .218868E+01  .218868E+01  .218868E+01
  .116800E+01  .116504E+01  .117028E+01  .117918E+01  .116198E+01  .111992E+01  .108658E+01  .102916E+01  .904392E+00  .836204E+00
  .931714E+00  .110674E+01  .128107E+01  .142553E+01  .151490E+01  .152914E+01  .148441E+01  .141231E+01  .134437E+01  .130021E+01
  .127773E+01  .127251E+01  .128014E+01  .129621E+01  .131629E+01  .133599E+01  .135216E+01  .136466E+01  .137377E+01  .137977E+01
  .138295E+01  .138358E+01  .138195E+01  .137835E+01  .137305E+01  .136634E+01  .135850E+01  .134981E+01  .134056E+01  .133102E+01
  .112323E+00  .110409E+00  .113835E+00  .125046E+00  .140468E+00  .154769E+00  .162759E+00  .173385E+00  .198274E+00  .217027E+00
  .211707E+00  .198972E+00  .192422E+00  .193060E+00  .200921E+00  .215700E+00  .234712E+00  .254262E+00  .270667E+00  .281768E+00
  .288187E+00  .290845E+00  .290660E+00  .288554E+00  .285444E+00  .282251E+00  .279629E+00  .277622E+00  .276180E+00  .275258E+00
  .274807E+00  .274781E+00  .275133E+00  .275815E+00  .276780E+00  .277981E+00  .279371E+00  .280902E+00  .282528E+00  .284201E+00

   120.000000000000000     
  .889429E-01  .430124E-01  .616703E-02 -.164070E-01 -.275553E-01 -.302578E-01 -.265321E-01 -.184561E-01 -.798447E-02  .393924E-02
  .158248E-01  .238815E-01  .263521E-01  .249427E-01  .216259E-01  .181927E-01  .151681E-01  .125380E-01  .102862E-01  .838897E-02
  .680864E-02  .550608E-02  .444216E-02  .357775E-02  .287372E-02  .229097E-02  .179931E-02  .138944E-02  .105507E-02  .789918E-03
  .587682E-03  .442073E-03  .346799E-03  .295569E-03  .282091E-03  .300071E-03  .343220E-03  .405244E-03  .479853E-03  .560753E-03
  .283862E+01  .273534E+01  .264763E+01  .258713E+01  .255706E+01  .254976E+01  .254753E+01  .254430E+01  .253846E+01  .251209E+01
  .245338E+01  .238109E+01  .231204E+01  .225300E+01  .220996E+01  .218772E+01  .218251E+01  .218692E+01  .219357E+01  .219770E+01
  .219932E+01  .219896E+01  .219717E+01  .219447E+01  .219138E+01  .218845E+01  .218605E+01  .218418E+01  .218282E+01  .218191E+01
  .218141E+01  .218128E+01  .218149E+01  .218198E+01  .218273E+01  .218368E+01  .218480E+01  .218604E+01  .218737E+01  .218873E+01
  .108249E+01  .105604E+01  .110320E+01  .122693E+01  .128816E+01  .124990E+01  .120116E+01  .113616E+01  .103259E+01  .111241E+01
  .150385E+01  .187340E+01  .200568E+01  .196438E+01  .183462E+01  .169417E+01  .156953E+01  .146535E+01  .138618E+01  .133356E+01
  .130361E+01  .129185E+01  .129380E+01  .130499E+01  .132094E+01  .133720E+01  .135055E+01  .136082E+01  .136824E+01  .137304E+01
  .137547E+01  .137577E+01  .137416E+01  .137088E+01  .136619E+01  .136030E+01  .135347E+01  .134592E+01  .133790E+01  .132964E+01
  .103490E+00  .103803E+00  .103249E+00  .102541E+00  .105577E+00  .114127E+00  .126937E+00  .140690E+00  .148061E+00  .126890E+00
  .713499E-01  .316763E-01  .369308E-01  .724972E-01  .120400E+00  .164372E+00  .200057E+00  .228172E+00  .249453E+00  .264701E+00
  .274839E+00  .280802E+00  .283525E+00  .283943E+00  .282992E+00  .281605E+00  .280457E+00  .279612E+00  .279046E+00  .278737E+00
  .278661E+00  .278795E+00  .279115E+00  .279599E+00  .280222E+00  .280962E+00  .281795E+00  .282698E+00  .283647E+00  .284620E+00

   130.000000000000000     
  .896086E-01  .101806E+00  .826207E-01  .266250E-01 -.191243E-01 -.350569E-01 -.388684E-01 -.374457E-01 -.301664E-01 -.186916E-01
 -.563623E-02  .596445E-02  .143027E-01  .194312E-01  .215459E-01  .209175E-01  .183393E-01  .148269E-01  .113931E-01  .867819E-02
  .664268E-02  .517482E-02  .416283E-02  .349495E-02  .305941E-02  .274454E-02  .246842E-02  .221900E-02  .199421E-02  .179200E-02
  .161032E-02  .144712E-02  .130034E-02  .116793E-02  .104784E-02  .938015E-03  .836400E-03  .740945E-03  .649595E-03  .560298E-03
  .282689E+01  .269599E+01  .259252E+01  .253352E+01  .251428E+01  .252051E+01  .253133E+01  .253890E+01  .254307E+01  .254030E+01
  .252399E+01  .248259E+01  .241551E+01  .233902E+01  .227067E+01  .222569E+01  .220302E+01  .219463E+01  .219250E+01  .219127E+01
  .219035E+01  .218970E+01  .218928E+01  .218901E+01  .218886E+01  .218876E+01  .218869E+01  .218863E+01  .218859E+01  .218856E+01
  .218854E+01  .218853E+01  .218853E+01  .218854E+01  .218856E+01  .218858E+01  .218860E+01  .218863E+01  .218866E+01  .218870E+01
  .172633E+01  .177779E+01  .168598E+01  .143481E+01  .126436E+01  .124858E+01  .124659E+01  .120325E+01  .113848E+01  .114951E+01
  .128095E+01  .137204E+01  .133615E+01  .124172E+01  .116912E+01  .118696E+01  .128186E+01  .140548E+01  .150959E+01  .156503E+01
  .157754E+01  .155658E+01  .151159E+01  .145202E+01  .138733E+01  .132695E+01  .127752E+01  .123915E+01  .121097E+01  .119214E+01
  .118181E+01  .117912E+01  .118324E+01  .119331E+01  .120847E+01  .122789E+01  .125070E+01  .127606E+01  .130313E+01  .133104E+01
  .514444E-01  .623167E-01  .786065E-01  .836955E-01  .116513E+00  .122372E+00  .121553E+00  .124186E+00  .129306E+00  .116849E+00
  .806085E-01  .674264E-01  .100561E+00  .156850E+00  .209557E+00  .235537E+00  .236654E+00  .225422E+00  .214349E+00  .211233E+00
  .215277E+00  .224771E+00  .238004E+00  .253265E+00  .268843E+00  .283030E+00  .294634E+00  .303678E+00  .310358E+00  .314872E+00
  .317417E+00  .318189E+00  .317386E+00  .315204E+00  .311840E+00  .307492E+00  .302356E+00  .296629E+00  .290508E+00  .284191E+00

   140.000000000000000     
  .898096E-01  .703664E-01  .509729E-01  .316788E-01  .125338E-01 -.641251E-02 -.247029E-01 -.373955E-01 -.384818E-01 -.309175E-01
 -.196583E-01 -.711344E-02  .493241E-02  .149869E-01  .215800E-01  .235355E-01  .217251E-01  .178925E-01  .137786E-01  .105026E-01
  .804919E-02  .628271E-02  .506727E-02  .426705E-02  .374623E-02  .336910E-02  .303617E-02  .273296E-02  .245720E-02  .220658E-02
  .197883E-02  .177166E-02  .158278E-02  .140991E-02  .125076E-02  .110304E-02  .964464E-03  .832750E-03  .705608E-03  .580753E-03
  .270713E+01  .262096E+01  .254231E+01  .247869E+01  .243761E+01  .242660E+01  .245107E+01  .249325E+01  .252605E+01  .254854E+01
  .256028E+01  .253939E+01  .247887E+01  .239825E+01  .231906E+01  .226032E+01  .222332E+01  .220181E+01  .218956E+01  .218213E+01
  .217841E+01  .217765E+01  .217907E+01  .218194E+01  .218548E+01  .218895E+01  .219180E+01  .219402E+01  .219565E+01  .219674E+01
  .219734E+01  .219749E+01  .219726E+01  .219668E+01  .219580E+01  .219468E+01  .219337E+01  .219190E+01  .219034E+01  .218873E+01
  .112871E+01  .110190E+01  .108099E+01  .107187E+01  .108044E+01  .111258E+01  .117018E+01  .121087E+01  .118647E+01  .116192E+01
  .119137E+01  .120174E+01  .115692E+01  .110403E+01  .109660E+01  .117858E+01  .132731E+01  .149176E+01  .162097E+01  .168509E+01
  .169266E+01  .165633E+01  .158875E+01  .150256E+01  .141041E+01  .132494E+01  .125501E+01  .120070E+01  .116080E+01  .113411E+01
  .111944E+01  .111557E+01  .112131E+01  .113546E+01  .115681E+01  .118417E+01  .121633E+01  .125210E+01  .129027E+01  .132964E+01
  .227464E+00  .250073E+00  .267709E+00  .275402E+00  .268179E+00  .241067E+00  .191522E+00  .143721E+00  .127925E+00  .119581E+00
  .959687E-01  .870506E-01  .109186E+00  .146715E+00  .181514E+00  .197964E+00  .197912E+00  .190640E+00  .185419E+00  .187885E+00
  .197028E+00  .211134E+00  .228488E+00  .247376E+00  .266082E+00  .282894E+00  .296626E+00  .307335E+00  .315251E+00  .320609E+00
  .323640E+00  .324578E+00  .323654E+00  .321102E+00  .317155E+00  .312044E+00  .306002E+00  .299262E+00  .292058E+00  .284620E+00

   150.000000000000000     
  .864674E-01  .928621E-01  .962863E-01  .937693E-01  .823406E-01  .590296E-01  .223187E-01 -.133148E-01 -.282204E-01 -.275091E-01
 -.212224E-01 -.107867E-01  .253248E-02  .156552E-01  .253618E-01  .289439E-01  .272570E-01  .226740E-01  .175650E-01  .134609E-01
  .103610E-01  .810146E-02  .651866E-02  .544883E-02  .472822E-02  .419328E-02  .372382E-02  .330160E-02  .292298E-02  .258434E-02
  .228203E-02  .201243E-02  .177190E-02  .155680E-02  .136351E-02  .118838E-02  .102779E-02  .878103E-03  .735682E-03  .596894E-03
  .266569E+01  .254385E+01  .243347E+01  .234600E+01  .229291E+01  .228564E+01  .233242E+01  .240567E+01  .246414E+01  .251070E+01
  .255064E+01  .255719E+01  .251843E+01  .245136E+01  .237519E+01  .230734E+01  .225275E+01  .221102E+01  .218173E+01  .216395E+01
  .215578E+01  .215522E+01  .216029E+01  .216898E+01  .217930E+01  .218927E+01  .219745E+01  .220381E+01  .220848E+01  .221160E+01
  .221332E+01  .221377E+01  .221309E+01  .221143E+01  .220892E+01  .220571E+01  .220194E+01  .219775E+01  .219327E+01  .218865E+01
  .871738E+00  .833952E+00  .804476E+00  .791620E+00  .803692E+00  .849004E+00  .932421E+00  .102091E+01  .106887E+01  .108758E+01
  .109356E+01  .106769E+01  .101383E+01  .977278E+00  .100651E+01  .113997E+01  .134598E+01  .156303E+01  .172976E+01  .181064E+01
  .181732E+01  .176648E+01  .167479E+01  .155891E+01  .143552E+01  .132128E+01  .122788E+01  .115537E+01  .110216E+01  .106663E+01
  .104718E+01  .104220E+01  .105008E+01  .106922E+01  .109800E+01  .113481E+01  .117806E+01  .122614E+01  .127743E+01  .133032E+01
  .633376E+00  .712782E+00  .774726E+00  .801744E+00  .776374E+00  .681152E+00  .505874E+00  .320231E+00  .219692E+00  .175699E+00
  .140203E+00  .122102E+00  .127664E+00  .145868E+00  .164363E+00  .172500E+00  .171519E+00  .167718E+00  .167390E+00  .174197E+00
  .187004E+00  .204167E+00  .224042E+00  .244982E+00  .265344E+00  .283483E+00  .298273E+00  .309790E+00  .318287E+00  .324015E+00
  .327226E+00  .328173E+00  .327105E+00  .324276E+00  .319937E+00  .314339E+00  .307734E+00  .300374E+00  .292511E+00  .284396E+00

   160.000000000000000     
  .844592E-01  .121415E+00  .152079E+00  .170161E+00  .169370E+00  .143414E+00  .885368E-01  .288901E-01 -.178837E-02 -.100115E-01
 -.103749E-01 -.364470E-02  .920072E-02  .235957E-01  .346988E-01  .383859E-01  .355367E-01  .291616E-01  .222682E-01  .167910E-01
  .127071E-01  .978534E-02  .779440E-02  .650302E-02  .567994E-02  .509411E-02  .457628E-02  .410229E-02  .366875E-02  .327229E-02
  .290955E-02  .257715E-02  .227173E-02  .198990E-02  .172830E-02  .148356E-02  .125230E-02  .103116E-02  .816762E-03  .605735E-03
  .294909E+01  .271789E+01  .250548E+01  .233061E+01  .221206E+01  .216861E+01  .221399E+01  .230639E+01  .238234E+01  .244481E+01
  .250520E+01  .253902E+01  .253198E+01  .249288E+01  .243234E+01  .236077E+01  .228738E+01  .222085E+01  .216983E+01  .213891E+01
  .212526E+01  .212527E+01  .213534E+01  .215186E+01  .217121E+01  .218980E+01  .220507E+01  .221693E+01  .222564E+01  .223146E+01
  .223465E+01  .223549E+01  .223422E+01  .223112E+01  .222644E+01  .222045E+01  .221341E+01  .220558E+01  .219723E+01  .218862E+01
  .236070E+00  .290445E+00  .349078E+00  .416227E+00  .496149E+00  .593103E+00  .709881E+00  .833143E+00  .937776E+00  .989169E+00
  .967242E+00  .899060E+00  .824045E+00  .788164E+00  .837887E+00  .100895E+01  .126227E+01  .152686E+01  .173196E+01  .183663E+01
  .185438E+01  .180454E+01  .170641E+01  .157931E+01  .144256E+01  .131546E+01  .121156E+01  .113102E+01  .107202E+01  .103278E+01
  .101149E+01  .100637E+01  .101561E+01  .103743E+01  .107001E+01  .111158E+01  .116033E+01  .121447E+01  .127220E+01  .133172E+01
  .213244E+01  .248233E+01  .275527E+01  .287431E+01  .276253E+01  .234296E+01  .157220E+01  .776074E+00  .398743E+00  .307209E+00
  .257974E+00  .220680E+00  .196831E+00  .183046E+00  .175570E+00  .171072E+00  .169174E+00  .170755E+00  .176693E+00  .187203E+00
  .201286E+00  .217812E+00  .235656E+00  .253688E+00  .270782E+00  .285811E+00  .298010E+00  .307470E+00  .314399E+00  .319011E+00
  .321514E+00  .322120E+00  .321040E+00  .318484E+00  .314664E+00  .309790E+00  .304072E+00  .297722E+00  .290951E+00  .283969E+00

   170.000000000000000     
  .825444E-01  .925710E-01  .101040E+00  .106392E+00  .107071E+00  .101518E+00  .881747E-01  .654838E-01  .344801E-01  .982834E-02
  .351322E-02  .846403E-02  .173433E-01  .269520E-01  .344091E-01  .372509E-01  .359229E-01  .321092E-01  .274930E-01  .231951E-01
  .193103E-01  .158243E-01  .127225E-01  .999052E-02  .761400E-02  .557846E-02  .386709E-02  .245748E-02  .132642E-02  .450699E-03
 -.192902E-03 -.627593E-03 -.876586E-03 -.963092E-03 -.910324E-03 -.741495E-03 -.479817E-03 -.148502E-03  .229238E-03  .630191E-03
  .264788E+01  .254074E+01  .243982E+01  .235133E+01  .228151E+01  .223656E+01  .222271E+01  .224617E+01  .230945E+01  .239540E+01
  .247382E+01  .249728E+01  .244950E+01  .236297E+01  .227390E+01  .221417E+01  .218547E+01  .217661E+01  .217639E+01  .217730E+01
  .217852E+01  .217996E+01  .218153E+01  .218313E+01  .218466E+01  .218604E+01  .218720E+01  .218814E+01  .218889E+01  .218945E+01
  .218984E+01  .219009E+01  .219020E+01  .219020E+01  .219010E+01  .218992E+01  .218967E+01  .218937E+01  .218903E+01  .218868E+01
  .612405E+00  .531521E+00  .460485E+00  .409144E+00  .387346E+00  .404939E+00  .471770E+00  .597688E+00  .772487E+00  .880625E+00
  .860669E+00  .885834E+00  .105029E+01  .127912E+01  .148443E+01  .158996E+01  .160074E+01  .155645E+01  .149673E+01  .144753E+01
  .140975E+01  .138166E+01  .136152E+01  .134757E+01  .133806E+01  .133127E+01  .132588E+01  .132166E+01  .131853E+01  .131638E+01
  .131513E+01  .131470E+01  .131498E+01  .131589E+01  .131735E+01  .131925E+01  .132151E+01  .132405E+01  .132676E+01  .132956E+01
  .188499E+01  .225523E+01  .258038E+01  .281539E+01  .291516E+01  .283463E+01  .252872E+01  .195236E+01  .113429E+01  .491243E+00
  .335667E+00  .364525E+00  .344875E+00  .290374E+00  .233644E+00  .203304E+00  .200072E+00  .212783E+00  .230264E+00  .245176E+00
  .257164E+00  .266618E+00  .273929E+00  .279486E+00  .283679E+00  .286899E+00  .289442E+00  .291385E+00  .292774E+00  .293655E+00
  .294076E+00  .294081E+00  .293717E+00  .293029E+00  .292066E+00  .290871E+00  .289492E+00  .287974E+00  .286365E+00  .284709E+00

   180.000000000000000     
  .768491E-01  .900351E-01  .101575E+00  .109824E+00  .113136E+00  .109865E+00  .983654E-01  .769917E-01  .465677E-01  .208993E-01
  .118511E-01  .147438E-01  .234922E-01  .339195E-01  .419954E-01  .442688E-01  .413281E-01  .354816E-01  .290360E-01  .234945E-01
  .188946E-01  .151176E-01  .120449E-01  .955790E-02  .753800E-02  .586665E-02  .445270E-02  .326920E-02  .229842E-02  .152265E-02
  .924155E-03  .485203E-03  .188070E-03  .150283E-04 -.516495E-04 -.296907E-04  .631774E-04  .209228E-03  .390732E-03  .589965E-03
  .217804E+01  .213935E+01  .210536E+01  .208080E+01  .207037E+01  .207879E+01  .211076E+01  .217100E+01  .226100E+01  .236528E+01
  .245590E+01  .248709E+01  .244386E+01  .235960E+01  .227141E+01  .221197E+01  .218332E+01  .217440E+01  .217417E+01  .217518E+01
  .217660E+01  .217833E+01  .218023E+01  .218218E+01  .218406E+01  .218575E+01  .218717E+01  .218831E+01  .218921E+01  .218988E+01
  .219035E+01  .219063E+01  .219074E+01  .219071E+01  .219056E+01  .219030E+01  .218996E+01  .218956E+01  .218912E+01  .218866E+01
  .206450E+01  .227066E+01  .245171E+01  .258256E+01  .263812E+01  .259328E+01  .242295E+01  .210201E+01  .164075E+01  .123534E+01
  .105778E+01  .105273E+01  .114300E+01  .127401E+01  .139290E+01  .145382E+01  .145963E+01  .143398E+01  .140048E+01  .137449E+01
  .135627E+01  .134446E+01  .133771E+01  .133467E+01  .133399E+01  .133433E+01  .133469E+01  .133495E+01  .133514E+01  .133525E+01
  .133529E+01  .133527E+01  .133519E+01  .133507E+01  .133490E+01  .133470E+01  .133447E+01  .133422E+01  .133396E+01  .133369E+01
  .262726E+00  .262722E+00  .262719E+00  .262717E+00  .262716E+00  .262717E+00  .262720E+00  .262725E+00  .262731E+00  .262723E+00
  .262708E+00  .262754E+00  .262861E+00  .262911E+00  .262779E+00  .262390E+00  .262025E+00  .262120E+00  .263106E+00  .265185E+00
  .268131E+00  .271678E+00  .275555E+00  .279495E+00  .283229E+00  .286488E+00  .289090E+00  .291056E+00  .292433E+00  .293272E+00
  .293621E+00  .293530E+00  .293046E+00  .292219E+00  .291099E+00  .289734E+00  .288173E+00  .286464E+00  .284658E+00  .282803E+00

    2.00   7.00    .00 -.19332 -.19332 -.19353 -.19353 -.19332 -.19332
    2.20   7.00    .00 -.21633 -.21633 -.21658 -.21658 -.21633 -.21633
    2.40   7.00    .00 -.19926 -.19926 -.19954 -.19954 -.19926 -.19926
    2.60   7.00    .00 -.16581 -.16581 -.16612 -.16612 -.16581 -.16581
    2.00   5.00    .00 -.18263 -.18263 -.18674 -.18674 -.18263 -.18263
    2.20   5.00    .00 -.20387 -.20387 -.20856 -.20856 -.20387 -.20387
    2.40   5.00    .00 -.18500 -.18500 -.19042 -.19042 -.18500 -.18500
    2.60   5.00    .00 -.14991 -.14991 -.15616 -.15616 -.14991 -.14991
    2.00   4.00    .00 -.14626 -.14626 -.15984 -.15984 -.14626 -.14626
    2.20   4.00    .00 -.16251 -.16251 -.17813 -.17813 -.16251 -.16251
    2.40   4.00    .00 -.13958 -.13958 -.15791 -.15791 -.13958 -.13958
    2.60   4.00    .00 -.11039 -.11039 -.14640 -.14640 -.11039 -.11039
    2.00   3.50    .00 -.10201 -.10201 -.12283 -.12283 -.10201 -.10201
    2.20   3.50    .00 -.15465 -.15465 -.19054 -.19054 -.15465 -.15465
    2.40   3.50    .00 -.17258 -.17258 -.20766 -.20766 -.17258 -.17258
    2.60   3.50    .00 -.16486 -.16486 -.19877 -.19877 -.16486 -.16486
    2.00   3.00    .00 -.13687 -.13687 -.17179 -.17179 -.13687 -.13687
    2.20   3.00    .00 -.18904 -.18904 -.22377 -.22377 -.18904 -.18904
    2.40   3.00    .00 -.18516 -.18516 -.21895 -.21895 -.18516 -.18516
    2.60   3.00    .00 -.14739 -.14739 -.17988 -.17988 -.14739 -.14739
    2.00   2.75    .00 -.12723 -.12723 -.16197 -.16197 -.12723 -.12723
    2.20   2.75    .00 -.15643 -.15643 -.19090 -.19090 -.15643 -.15643
    2.40   2.75    .00 -.12062 -.12062 -.15408 -.15408 -.12062 -.12062
  2.0 7.00 10.0  -130.17356 -0.19341 -130.17364 -0.19350 -130.17345 -0.19329 
  2.2 7.00 10.0  -130.19569 -0.21641 -130.19582 -0.21655 -130.19560 -0.21631 
  2.4 7.00 10.0  -130.17778 -0.19930 -130.17795 -0.19948 -130.17770 -0.19921 
  2.6 7.00 10.0  -130.14365 -0.16579 -130.14384 -0.16599 -130.14356 -0.16569 
  2.0 5.00 10.0  -130.16518 -0.18546 -130.16679 -0.18716 -130.16296 -0.18317 
  2.2 5.00 10.0  -130.18560 -0.20678 -130.18783 -0.20915 -130.18347 -0.20462 
  2.4 5.00 10.0  -130.16626 -0.18833 -130.16893 -0.19117 -130.16395 -0.18600 
  2.6 5.00 10.0  -130.13109 -0.15388 -130.13400 -0.15705 -130.12839 -0.15117 
  2.0 4.00 10.0  -130.13805 -0.15947 -130.14225 -0.16399 -130.12870 -0.15019 
  2.2 4.00 10.0  -130.15691 -0.17942 -130.16197 -0.18529 -130.14603 -0.16902 
  2.4 4.00 10.0  -130.13993 -0.16400 -130.14550 -0.17105 -130.12617 -0.15126 
  2.6 4.00 10.0  -130.11536 -0.14006 -130.12354 -0.15235 -130.09817 -0.12694 
  2.0 3.50 10.0  -130.11545 -0.13794 -130.12216 -0.14698 -130.09600 -0.12036 
  2.2 3.50 10.0  -130.15216 -0.17579 -130.17451 -0.20248 -130.13724 -0.16720 
  2.4 3.50 10.0  -130.15932 -0.18338 -130.18661 -0.21469 -130.14492 -0.17902 
  2.6 3.50 10.0  -130.14866 -0.17310 -130.17663 -0.20476 -130.13061 -0.16603 
  2.0 3.00 10.0  -130.12494 -0.14762 -130.15598 -0.18103 -130.12079 -0.14585 
  2.2 3.00 10.0  -130.17387 -0.19708 -130.20723 -0.23251 -130.17231 -0.19731 
  2.4 3.00 10.0  -130.17146 -0.19513 -130.20455 -0.23002 -130.17065 -0.19586 
  2.6 3.00 10.0  -130.13913 -0.16307 -130.17039 -0.19602 -130.13695 -0.16283 
  2.0 3.50 10.0  -130.11545 -0.13794 -130.12216 -0.14698 -130.09600 -0.12036 
  2.2 3.50 10.0  -130.15216 -0.17579 -130.17451 -0.20248 -130.13724 -0.16720 
  2.4 3.50 10.0  -130.15932 -0.18338 -130.18661 -0.21469 -130.14492 -0.17902 
  2.6 3.50 10.0  -130.14866 -0.17310 -130.17663 -0.20476 -130.13061 -0.16603 
  2.0 3.00 10.0  -130.12494 -0.14762 -130.15598 -0.18103 -130.12079 -0.14585 
  2.2 3.00 10.0  -130.17387 -0.19708 -130.20723 -0.23251 -130.17231 -0.19731 
  2.4 3.00 10.0  -130.17146 -0.19513 -130.20455 -0.23002 -130.17065 -0.19586 
  2.6 3.00 10.0  -130.13913 -0.16307 -130.17039 -0.19602 -130.13695 -0.16283 
  2.0 2.75 10.0  -130.11489 -0.13734 -130.14925 -0.17322 -130.11390 -0.13778 
  2.2 2.75 10.0  -130.14668 -0.16966 -130.18173 -0.20595 -130.14680 -0.17077 
  2.4 2.75 10.0  -130.11865 -0.14191 -130.15239 -0.17684 -130.11853 -0.14281 
  2.6 2.75 10.0  -130.05257 -0.07494 -130.08189 -0.10657 -130.04855 -0.07345 
  2.0 2.50 10.0  -130.04939 -0.07105 -130.08457 -0.10761 -130.04902 -0.07199 
  2.2 2.50 10.0  -130.04090 -0.06258 -130.07501 -0.09834 -130.03993 -0.06306 
  2.4 2.50 10.0  -129.95651  0.02187 -129.98800 -0.01163 -129.95398  0.02248 
  2.6 2.50 10.0  -129.81115  0.16729 -129.83901  0.13705 -129.80559  0.17031 
  2.0 7.00 20.0  -130.17388 -0.19374 -130.17366 -0.19352 -130.17349 -0.19334 
  2.2 7.00 20.0  -130.19596 -0.21669 -130.19585 -0.21657 -130.19566 -0.21637 
  2.4 7.00 20.0  -130.17806 -0.19959 -130.17799 -0.19952 -130.17778 -0.19929 
  2.6 7.00 20.0  -130.14396 -0.16610 -130.14390 -0.16604 -130.14366 -0.16580 
  2.0 5.00 20.0  -130.17168 -0.19209 -130.16795 -0.18830 -130.16448 -0.18468 
  2.2 5.00 20.0  -130.19227 -0.21352 -130.18935 -0.21067 -130.18549 -0.20664 
  2.4 5.00 20.0  -130.17374 -0.19585 -130.17085 -0.19310 -130.16659 -0.18864 
  2.6 5.00 20.0  -130.13982 -0.16265 -130.13632 -0.15938 -130.13179 -0.15457 
  2.0 4.00 20.0  -130.16361 -0.18505 -130.15017 -0.17239 -130.13707 -0.15886 
  2.2 4.00 20.0  -130.18574 -0.20817 -130.17342 -0.19759 -130.15799 -0.18155 
  2.4 4.00 20.0  -130.17271 -0.19632 -130.16136 -0.18795 -130.14277 -0.16868 
  2.6 4.00 20.0  -130.14878 -0.17307 -130.14011 -0.16920 -130.11738 -0.14560 
  2.0 3.50 20.0  -130.15947 -0.18155 -130.14536 -0.17081 -130.11873 -0.14409 
  2.2 3.50 20.0  -130.19295 -0.21617 -130.18960 -0.21723 -130.15639 -0.18557 
  2.4 3.50 20.0  -130.19350 -0.21724 -130.19674 -0.22509 -130.15840 -0.19095 
  2.6 3.50 20.0  -130.17943 -0.20351 -130.18494 -0.21344 -130.14456 -0.17710 
  2.0 3.00 20.0  -130.16652 -0.18891 -130.17167 -0.19660 -130.13580 -0.16146 
  2.2 3.00 20.0  -130.21154 -0.23439 -130.22258 -0.24784 -130.18677 -0.21229 
  2.4 3.00 20.0  -130.21192 -0.23522 -130.22457 -0.25011 -130.19000 -0.21561 
  2.6 3.00 20.0  -130.18866 -0.21230 -130.20022 -0.22602 -130.16605 -0.19236 
  2.0 2.75 20.0  -130.15999 -0.18209 -130.17088 -0.19476 -130.13412 -0.15829 
  2.2 2.75 20.0  -130.19749 -0.22010 -130.21140 -0.23559 -130.17517 -0.19942 
  2.4 2.75 20.0  -130.18387 -0.20693 -130.19761 -0.22212 -130.16273 -0.18732 
  2.6 2.75 20.0  -130.14112 -0.16450 -130.15256 -0.17738 -130.11862 -0.14368 
  2.0 2.50 20.0  -130.11490 -0.13675 -130.12819 -0.15118 -130.09096 -0.11410 
  2.2 2.50 20.0  -130.12889 -0.15126 -130.14309 -0.16641 -130.10654 -0.12986 
  2.4 2.50 20.0  -130.08339 -0.10616 -130.09600 -0.11967 -130.06040 -0.08442 
  2.6 2.50 20.0  -130.00051 -0.02350 -130.00960 -0.03365 -129.97592  0.00003 
  2.0 7.00 30.0  -130.17422 -0.19410 -130.17369 -0.19354 -130.17355 -0.19339 
  2.2 7.00 30.0  -130.19626 -0.21699 -130.19589 -0.21660 -130.19574 -0.21644 
  2.4 7.00 30.0  -130.17835 -0.19988 -130.17804 -0.19956 -130.17788 -0.19939 
  2.6 7.00 30.0  -130.14427 -0.16641 -130.14396 -0.16609 -130.14379 -0.16592 
  2.0 5.00 30.0  -130.17821 -0.19869 -130.16932 -0.18963 -130.16641 -0.18657 
  2.2 5.00 30.0  -130.19877 -0.22005 -130.19109 -0.21235 -130.18797 -0.20907 
  2.4 5.00 30.0  -130.18071 -0.20282 -130.17295 -0.19514 -130.16968 -0.19168 
  2.6 5.00 30.0  -130.14745 -0.17024 -130.13872 -0.16169 -130.13556 -0.15827 
  2.0 4.00 30.0  -130.18548 -0.20681 -130.15712 -0.17936 -130.14565 -0.16736 
  2.2 4.00 30.0  -130.20815 -0.23045 -130.18170 -0.20574 -130.16867 -0.19200 
  2.4 4.00 30.0  -130.19525 -0.21857 -130.16964 -0.19572 -130.15480 -0.17998 
  2.6 4.00 30.0  -130.16990 -0.19390 -130.14578 -0.17385 -130.12932 -0.15588 
  2.0 3.50 30.0  -130.19221 -0.21401 -130.15655 -0.18168 -130.13329 -0.15810 
  2.2 3.50 30.0  -130.22288 -0.24582 -130.19568 -0.22297 -130.16788 -0.19565 
  2.4 3.50 30.0  -130.21918 -0.24279 -130.19791 -0.22724 -130.16710 -0.19723 
  2.6 3.50 30.0  -130.20162 -0.22565 -130.18141 -0.21326 -130.15363 -0.18321 
  2.0 3.00 30.0  -130.20326 -0.22550 -130.17967 -0.20493 -130.14352 -0.17107 
  2.2 3.00 30.0  -130.24493 -0.26767 -130.22979 -0.25554 -130.19020 -0.22090 
  2.4 3.00 30.0  -130.24612 -0.26934 -130.23510 -0.26125 -130.19306 -0.22531 
  2.6 3.00 30.0  -130.22795 -0.25157 -130.21815 -0.24470 -130.17920 -0.20942 
  2.0 2.75 30.0  -130.20265 -0.22462 -130.18534 -0.20955 -130.14836 -0.17328 
  2.2 2.75 30.0  -130.24384 -0.26633 -130.23251 -0.25713 -130.19625 -0.22123 
  2.4 2.75 30.0  -130.24044 -0.26342 -130.23136 -0.25640 -130.19567 -0.22152 
  2.6 2.75 30.0  -130.21489 -0.23826 -130.20569 -0.23118 -130.17398 -0.19922 
  2.0 2.50 30.0  -130.17894 -0.20063 -130.16515 -0.18842 -130.12715 -0.15079 
  2.2 2.50 30.0  -130.21136 -0.23360 -130.20102 -0.22471 -130.16416 -0.18798 
  2.4 2.50 30.0  -130.19524 -0.21797 -130.18554 -0.20968 -130.14990 -0.17444 
  2.6 2.50 30.0  -130.15454 -0.17765 -130.14365 -0.16827 -130.11247 -0.13657 
  2.0 2.25 30.0  -130.09970 -0.12113 -130.08570 -0.10822 -130.04707 -0.06980 
  2.2 2.25 30.0  -130.11054 -0.13251 -130.09786 -0.12083 -130.06057 -0.08361 
  2.4 2.25 30.0  -130.06979 -0.09222 -130.05647 -0.07993 -130.02104 -0.04459 
  2.6 2.25 30.0  -130.00377 -0.02655 -129.98861 -0.01253 -129.95840  0.01841 
  2.0 7.00 40.0  -130.17445 -0.19433 -130.17371 -0.19355 -130.17360 -0.19344 
  2.2 7.00 40.0  -130.19644 -0.21717 -130.19592 -0.21663 -130.19581 -0.21651 
  2.4 7.00 40.0  -130.17853 -0.20005 -130.17808 -0.19959 -130.17797 -0.19947 
  2.6 7.00 40.0  -130.14445 -0.16658 -130.14401 -0.16613 -130.14390 -0.16602 
  2.0 5.00 40.0  -130.18224 -0.20272 -130.17052 -0.19074 -130.16825 -0.18836 
  2.2 5.00 40.0  -130.20259 -0.22384 -130.19253 -0.21370 -130.19022 -0.21125 
  2.4 5.00 40.0  -130.18453 -0.20658 -130.17461 -0.19666 -130.17235 -0.19425 
  2.6 5.00 40.0  -130.15125 -0.17394 -130.14052 -0.16331 -130.13861 -0.16119 
  2.0 4.00 40.0  -130.19786 -0.21905 -130.16143 -0.18326 -130.15238 -0.17373 
  2.2 4.00 40.0  -130.21955 -0.24171 -130.18584 -0.20917 -130.17612 -0.19882 
  2.4 4.00 40.0  -130.20526 -0.22833 -130.17233 -0.19728 -130.16210 -0.18618 
  2.6 4.00 40.0  -130.17762 -0.20134 -130.14561 -0.17207 -130.13532 -0.16035 
  2.0 3.50 40.0  -130.20972 -0.23133 -130.15980 -0.18411 -130.14150 -0.16519 
  2.2 3.50 40.0  -130.23722 -0.25995 -130.19421 -0.22060 -130.17329 -0.19915 
  2.4 3.50 40.0  -130.22955 -0.25304 -130.19225 -0.22060 -130.16971 -0.19724 
  2.6 3.50 40.0  -130.20806 -0.23204 -130.17483 -0.20460 -130.15451 -0.18179 
  2.0 3.00 40.0  -130.22339 -0.24551 -130.17643 -0.20216 -130.14426 -0.17126 
  2.2 3.00 40.0  -130.26101 -0.28378 -130.22432 -0.25104 -130.18946 -0.21889 
  2.4 3.00 40.0  -130.26026 -0.28356 -130.23007 -0.25733 -130.19538 -0.22522 
  2.6 3.00 40.0  -130.24226 -0.26598 -130.21531 -0.24347 -130.18636 -0.21444 
  2.0 2.75 40.0  -130.22676 -0.24875 -130.18520 -0.21013 -130.14831 -0.17601 
  2.2 2.75 40.0  -130.26779 -0.29034 -130.23510 -0.26059 -130.19599 -0.22615 
  2.4 2.75 40.0  -130.26765 -0.29073 -130.24033 -0.26633 -130.20213 -0.23222 
  2.6 2.75 40.0  -130.24841 -0.27192 -130.22385 -0.25050 -130.19208 -0.22010 
  2.0 2.50 40.0  -130.21744 -0.23916 -130.18033 -0.20429 -130.14323 -0.16785 
  2.2 2.50 40.0  -130.25828 -0.28060 -130.22800 -0.25246 -130.19243 -0.21714 
  2.4 2.50 40.0  -130.25548 -0.27834 -130.22912 -0.25412 -130.19578 -0.22085 
  2.6 2.50 40.0  -130.23240 -0.25570 -130.20818 -0.23367 -130.18061 -0.20523 
  2.0 2.25 40.0  -130.17674 -0.19819 -130.14136 -0.16448 -130.10328 -0.12670 
  2.2 2.25 40.0  -130.21242 -0.23450 -130.18180 -0.20545 -130.14555 -0.16932 
  2.4 2.25 40.0  -130.20335 -0.22598 -130.17549 -0.19972 -130.14236 -0.16632 
  2.6 2.25 40.0  -130.17448 -0.19754 -130.14859 -0.17320 -130.12141 -0.14509 
  2.0 7.00 50.0  -130.17448 -0.19436 -130.17373 -0.19356 -130.17365 -0.19348 
  2.2 7.00 50.0  -130.19647 -0.21719 -130.19594 -0.21664 -130.19586 -0.21656 
  2.4 7.00 50.0  -130.17855 -0.20006 -130.17811 -0.19961 -130.17804 -0.19953 
  2.6 7.00 50.0  -130.14446 -0.16659 -130.14404 -0.16615 -130.14398 -0.16609 
  2.0 5.00 50.0  -130.18303 -0.20346 -130.17136 -0.19150 -130.16971 -0.18977 
  2.2 5.00 50.0  -130.20322 -0.22440 -130.19351 -0.21456 -130.19191 -0.21288 
  2.4 5.00 50.0  -130.18496 -0.20692 -130.17567 -0.19758 -130.17424 -0.19605 
  2.6 5.00 50.0  -130.15136 -0.17391 -130.14161 -0.16421 -130.14061 -0.16307 
  2.0 4.00 50.0  -130.20039 -0.22150 -130.16359 -0.18490 -130.15707 -0.17801 
  2.2 4.00 50.0  -130.22069 -0.24269 -130.18739 -0.20993 -130.18083 -0.20291 
  2.4 4.00 50.0  -130.20463 -0.22746 -130.17236 -0.19616 -130.16607 -0.18924 
  2.6 4.00 50.0  -130.17467 -0.19810 -130.14293 -0.16788 -130.13743 -0.16137 
  2.0 3.50 50.0  -130.21271 -0.23426 -130.15910 -0.18225 -130.14604 -0.16853 
  2.2 3.50 50.0  -130.23702 -0.25958 -130.18938 -0.21429 -130.17525 -0.19932 
  2.4 3.50 50.0  -130.22570 -0.24903 -130.18315 -0.20970 -130.16830 -0.19367 
  2.6 3.50 50.0  -130.20049 -0.22432 -130.16333 -0.19099 -130.14939 -0.17503 
  2.0 3.00 50.0  -130.22513 -0.24717 -130.16530 -0.19078 -130.14025 -0.16564 
  2.2 3.00 50.0  -130.25825 -0.28107 -130.20902 -0.23628 -130.18249 -0.20970 
  2.4 3.00 50.0  -130.25417 -0.27757 -130.21252 -0.24142 -130.18756 -0.21518 
  2.6 3.00 50.0  -130.23395 -0.25778 -130.19861 -0.22776 -130.17812 -0.20479 
  2.0 2.75 50.0  -130.22899 -0.25107 -130.17241 -0.19820 -130.14122 -0.16792 
  2.2 2.75 50.0  -130.26727 -0.28999 -130.22092 -0.24862 -130.18955 -0.21786 
  2.4 2.75 50.0  -130.26625 -0.28951 -130.22632 -0.25571 -130.19848 -0.22663 
  2.6 2.75 50.0  -130.24746 -0.27116 -130.21337 -0.24269 -130.19108 -0.21793 
  2.0 2.50 50.0  -130.22605 -0.24794 -130.17436 -0.19931 -130.13840 -0.16586 
  2.2 2.50 50.0  -130.26846 -0.29098 -130.22665 -0.25222 -130.19029 -0.21914 
  2.4 2.50 50.0  -130.26931 -0.29239 -130.23410 -0.26048 -130.20100 -0.22930 
  2.6 2.50 50.0  -130.25106 -0.27460 -130.22154 -0.24802 -130.19422 -0.22108 
  2.0 2.25 50.0  -130.20584 -0.22750 -130.15817 -0.18220 -130.11909 -0.14667 
  2.2 2.25 50.0  -130.25071 -0.27302 -130.21112 -0.23574 -130.17215 -0.20095 
  2.4 2.25 50.0  -130.25247 -0.27536 -130.21852 -0.24377 -130.18345 -0.21152 
  2.6 2.25 50.0  -130.23468 -0.25804 -130.20568 -0.23118 -130.17709 -0.20375 
  2.0 7.00 60.0  -130.17434 -0.19421 -130.17373 -0.19356 -130.17368 -0.19350 
  2.2 7.00 60.0  -130.19636 -0.21707 -130.19595 -0.21664 -130.19590 -0.21659 
  2.4 7.00 60.0  -130.17846 -0.19996 -130.17812 -0.19961 -130.17808 -0.19956 
  2.6 7.00 60.0  -130.14437 -0.16648 -130.14406 -0.16616 -130.14403 -0.16613 
  2.0 5.00 60.0  -130.18117 -0.20150 -130.17185 -0.19192 -130.17073 -0.19073 
  2.2 5.00 60.0  -130.20148 -0.22256 -130.19405 -0.21501 -130.19302 -0.21392 
  2.4 5.00 60.0  -130.18313 -0.20496 -130.17624 -0.19803 -130.17539 -0.19712 
  2.6 5.00 60.0  -130.14923 -0.17164 -130.14217 -0.16462 -130.14172 -0.16408 
  2.0 4.00 60.0  -130.19510 -0.21616 -130.16447 -0.18533 -130.16008 -0.18070 
  2.2 4.00 60.0  -130.21442 -0.23624 -130.18771 -0.20963 -130.18358 -0.20521 
  2.4 4.00 60.0  -130.19699 -0.21956 -130.17152 -0.19449 -130.16799 -0.19056 
  2.6 4.00 60.0  -130.16526 -0.18838 -130.13998 -0.16386 -130.13758 -0.16085 
  2.0 3.50 60.0  -130.20428 -0.22579 -130.15724 -0.17930 -130.14859 -0.17017 
  2.2 3.50 60.0  -130.22599 -0.24837 -130.18440 -0.20786 -130.17564 -0.19846 
  2.4 3.50 60.0  -130.21184 -0.23494 -130.17405 -0.19889 -130.16534 -0.18924 
  2.6 3.50 60.0  -130.18377 -0.20735 -130.15035 -0.17630 -130.14203 -0.16650 
  2.0 3.00 60.0  -130.21143 -0.23345 -130.15251 -0.17677 -130.13513 -0.15874 
  2.2 3.00 60.0  -130.24053 -0.26336 -130.19166 -0.21760 -130.17292 -0.19803 
  2.4 3.00 60.0  -130.23330 -0.25670 -130.19314 -0.22044 -130.17439 -0.20027 
  2.6 3.00 60.0  -130.21077 -0.23459 -130.17847 -0.20622 -130.16170 -0.18742 
  2.0 2.75 60.0  -130.21266 -0.23483 -130.15379 -0.17911 -130.13026 -0.15521 
  2.2 2.75 60.0  -130.24757 -0.27043 -130.20042 -0.22736 -130.17595 -0.20229 
  2.4 2.75 60.0  -130.24462 -0.26801 -130.20656 -0.23464 -130.18349 -0.21014 
  2.6 2.75 60.0  -130.22482 -0.24864 -130.19447 -0.22261 -130.17463 -0.20076 
  2.0 2.50 60.0  -130.20988 -0.23202 -130.15485 -0.18079 -130.12564 -0.15176 
  2.2 2.50 60.0  -130.25122 -0.27398 -130.20738 -0.23490 -130.17850 -0.20573 
  2.4 2.50 60.0  -130.25240 -0.27571 -130.21678 -0.24515 -130.19057 -0.21772 
  2.6 2.50 60.0  -130.23503 -0.25879 -130.20641 -0.23465 -130.18424 -0.21066 
  2.0 2.25 60.0  -130.19772 -0.21968 -130.14777 -0.17384 -130.11446 -0.14129 
  2.2 2.25 60.0  -130.24530 -0.26792 -130.20463 -0.23222 -130.17280 -0.20046 
  2.4 2.25 60.0  -130.25040 -0.27359 -130.21698 -0.24502 -130.18832 -0.21566 
  2.6 2.25 60.0  -130.23562 -0.25928 -130.20830 -0.23625 -130.18422 -0.21075 
  2.0 2.00 60.0  -130.16504 -0.18682 -130.11915 -0.14506 -130.08348 -0.11043 
  2.2 2.00 60.0  -130.21897 -0.24144 -130.18299 -0.20788 -130.14691 -0.17440 
  2.4 2.00 60.0  -130.22890 -0.25195 -130.19928 -0.22464 -130.16662 -0.19369 
  2.6 2.00 60.0  -130.21825 -0.24178 -130.19390 -0.21964 -130.16615 -0.19254 
  2.0 7.00 70.0  -130.17412 -0.19396 -130.17373 -0.19355 -130.17370 -0.19352 
  2.2 7.00 70.0  -130.19620 -0.21690 -130.19595 -0.21664 -130.19592 -0.21660 
  2.4 7.00 70.0  -130.17832 -0.19981 -130.17813 -0.19961 -130.17810 -0.19958 
  2.6 7.00 70.0  -130.14424 -0.16635 -130.14407 -0.16617 -130.14405 -0.16615 
  2.0 5.00 70.0  -130.17790 -0.19810 -130.17208 -0.19209 -130.17134 -0.19132 
  2.2 5.00 70.0  -130.19869 -0.21965 -130.19430 -0.21519 -130.19365 -0.21450 
  2.4 5.00 70.0  -130.18043 -0.20214 -130.17648 -0.19820 -130.17599 -0.19766 
  2.6 5.00 70.0  -130.14641 -0.16870 -130.14242 -0.16477 -130.14223 -0.16451 
  2.0 4.00 70.0  -130.18500 -0.20589 -130.16467 -0.18524 -130.16184 -0.18226 
  2.2 4.00 70.0  -130.20429 -0.22587 -130.18750 -0.20904 -130.18498 -0.20635 
  2.4 4.00 70.0  -130.18627 -0.20855 -130.17057 -0.19304 -130.16866 -0.19091 
  2.6 4.00 70.0  -130.15355 -0.17635 -130.13771 -0.16096 -130.13692 -0.15981 
  2.0 3.50 70.0  -130.18833 -0.20972 -130.15538 -0.17670 -130.14991 -0.17095 
  2.2 3.50 70.0  -130.20869 -0.23081 -130.18044 -0.20291 -130.17528 -0.19738 
  2.4 3.50 70.0  -130.19283 -0.21563 -130.16682 -0.19046 -130.16224 -0.18531 
  2.6 3.50 70.0  -130.16300 -0.18626 -130.13890 -0.16358 -130.13507 -0.15878 
  2.0 3.00 70.0  -130.18692 -0.20888 -130.14168 -0.16453 -130.13068 -0.15300 
  2.2 3.00 70.0  -130.21316 -0.23588 -130.17546 -0.19987 -130.16360 -0.18721 
  2.4 3.00 70.0  -130.20380 -0.22708 -130.17293 -0.19881 -130.16012 -0.18472 
  2.6 3.00 70.0  -130.18003 -0.20371 -130.15616 -0.18294 -130.14300 -0.16800 
  2.0 2.75 70.0  -130.18302 -0.20525 -130.13519 -0.15920 -130.11927 -0.14261 
  2.2 2.75 70.0  -130.21530 -0.23820 -130.17767 -0.20337 -130.15993 -0.18466 
  2.4 2.75 70.0  -130.21117 -0.23458 -130.18250 -0.20950 -130.16379 -0.18934 
  2.6 2.75 70.0  -130.19121 -0.21503 -130.17012 -0.19755 -130.15203 -0.17769 
  2.0 2.50 70.0  -130.17625 -0.19860 -130.13051 -0.15571 -130.10819 -0.13278 
  2.2 2.50 70.0  -130.21661 -0.23956 -130.18252 -0.20928 -130.15853 -0.18442 
  2.4 2.50 70.0  -130.21833 -0.24180 -130.19317 -0.22080 -130.16933 -0.19571 
  2.6 2.50 70.0  -130.20210 -0.22602 -130.18380 -0.21150 -130.16169 -0.18791 
  2.0 2.25 70.0  -130.16475 -0.18705 -130.12475 -0.15076 -130.09628 -0.12204 
  2.2 2.25 70.0  -130.21408 -0.23700 -130.18469 -0.21189 -130.15569 -0.18246 
  2.4 2.25 70.0  -130.22163 -0.24510 -130.19996 -0.22750 -130.17204 -0.19896 
  2.6 2.25 70.0  -130.20906 -0.23300 -130.19301 -0.22056 -130.16764 -0.19422 
  2.0 2.00 70.0  -130.14259 -0.16478 -130.10887 -0.13506 -130.07603 -0.10245 
  2.2 2.00 70.0  -130.20096 -0.22381 -130.17686 -0.20261 -130.14327 -0.17027 
  2.4 2.00 70.0  -130.21460 -0.23802 -130.19651 -0.22276 -130.16494 -0.19179 
  2.6 2.00 70.0  -130.20641 -0.23028 -130.19227 -0.21909 -130.16417 -0.19072 
  2.2 1.75 70.0  -130.16579 -0.18850 -130.14471 -0.16960 -130.11110 -0.13575 
  2.4 1.75 70.0  -130.18776 -0.21095 -130.17126 -0.19675 -130.13973 -0.16475 
  2.6 1.75 70.0  -130.18707 -0.21028 -130.17357 -0.19960 -130.14462 -0.17009 
  2.8 1.75 70.0  -130.17505 -0.19876 -130.16421 -0.19068 -130.13836 -0.16420 
  2.2 1.50 70.0  -130.09348 -0.11493 -130.07345 -0.09776 -130.03861 -0.06262 
  2.4 1.50 70.0  -130.12971 -0.15172 -130.11373 -0.13871 -130.08088 -0.10537 
  2.6 1.50 70.0  -130.14126 -0.16385 -130.12868 -0.15426 -130.09839 -0.12329 
  2.8 1.50 70.0  -130.14038 -0.16353 -130.13056 -0.15661 -130.10325 -0.12849 
  2.0 7.00 80.0  -130.17390 -0.19373 -130.17373 -0.19355 -130.17371 -0.19352 
  2.2 7.00 80.0  -130.19605 -0.21674 -130.19595 -0.21664 -130.19593 -0.21661 
  2.4 7.00 80.0  -130.17820 -0.19968 -130.17813 -0.19961 -130.17812 -0.19959 
  2.6 7.00 80.0  -130.14414 -0.16623 -130.14408 -0.16617 -130.14407 -0.16616 
  2.0 5.00 80.0  -130.17458 -0.19463 -130.17216 -0.19213 -130.17167 -0.19162 
  2.2 5.00 80.0  -130.19604 -0.21689 -130.19438 -0.21523 -130.19395 -0.21477 
  2.4 5.00 80.0  -130.17799 -0.19961 -130.17657 -0.19823 -130.17624 -0.19788 
  2.6 5.00 80.0  -130.14399 -0.16620 -130.14252 -0.16481 -130.14238 -0.16463 
  2.0 4.00 80.0  -130.17357 -0.19415 -130.16454 -0.18494 -130.16267 -0.18298 
  2.2 4.00 80.0  -130.19392 -0.21520 -130.18711 -0.20844 -130.18548 -0.20672 
  2.4 4.00 80.0  -130.17602 -0.19802 -130.16976 -0.19196 -130.16860 -0.19068 
  2.6 4.00 80.0  -130.14291 -0.16544 -130.13624 -0.15914 -130.13593 -0.15863 
  2.0 3.50 80.0  -130.16938 -0.19044 -130.15383 -0.17473 -130.15031 -0.17107 
  2.2 3.50 80.0  -130.19002 -0.21178 -130.17755 -0.19948 -130.17443 -0.19618 
  2.4 3.50 80.0  -130.17356 -0.19600 -130.16179 -0.18473 -130.15941 -0.18206 
  2.6 3.50 80.0  -130.14280 -0.16571 -130.13053 -0.15434 -130.12937 -0.15265 
  2.0 3.00 80.0  -130.15708 -0.17880 -130.13376 -0.15563 -130.12705 -0.14867 
  2.2 3.00 80.0  -130.18195 -0.20441 -130.16244 -0.18566 -130.15569 -0.17845 
  2.4 3.00 80.0  -130.17143 -0.19449 -130.15427 -0.17893 -130.14702 -0.17079 
  2.6 3.00 80.0  -130.14748 -0.17094 -130.13409 -0.16013 -130.12498 -0.14941 
  2.0 2.75 80.0  -130.14617 -0.16830 -130.11968 -0.14240 -130.11000 -0.13230 
  2.2 2.75 80.0  -130.17690 -0.19973 -130.15559 -0.18003 -130.14438 -0.16799 
  2.4 2.75 80.0  -130.17278 -0.19613 -130.15720 -0.18340 -130.14296 -0.16769 
  2.6 2.75 80.0  -130.15425 -0.17804 -130.14547 -0.17263 -130.12787 -0.15320 
  2.0 2.50 80.0  -130.13240 -0.15490 -130.10520 -0.12925 -130.09012 -0.11345 
  2.2 2.50 80.0  -130.17301 -0.19610 -130.15428 -0.18037 -130.13499 -0.15987 
  2.4 2.50 80.0  -130.17713 -0.20075 -130.16690 -0.19423 -130.14353 -0.16948 
  2.6 2.50 80.0  -130.16402 -0.18814 -130.15987 -0.18729 -130.13511 -0.16139 
  2.0 2.25 80.0  -130.11761 -0.14026 -130.09489 -0.12058 -130.07096 -0.09579 
  2.2 2.25 80.0  -130.17062 -0.19388 -130.15835 -0.18533 -130.12989 -0.15622 
  2.4 2.25 80.0  -130.18267 -0.20651 -130.17735 -0.20450 -130.14745 -0.17432 
  2.6 2.25 80.0  -130.17407 -0.19840 -130.17303 -0.20027 -130.14370 -0.17051 
  2.0 2.00 80.0  -130.10071 -0.12338 -130.08604 -0.11203 -130.05360 -0.07982 
  2.2 2.00 80.0  -130.16513 -0.18848 -130.15821 -0.18436 -130.12469 -0.15133 
  2.4 2.00 80.0  -130.18391 -0.20777 -130.18158 -0.20810 -130.14879 -0.17525 
  2.6 2.00 80.0  -130.17952 -0.20378 -130.17994 -0.20680 -130.14830 -0.17483 
  2.2 1.75 80.0  -130.14635 -0.16936 -130.14215 -0.16748 -130.10695 -0.13216 
  2.4 1.75 80.0  -130.17255 -0.19592 -130.17128 -0.19717 -130.13678 -0.16239 
  2.6 1.75 80.0  -130.17375 -0.19752 -130.17451 -0.20090 -130.14124 -0.16720 
  2.8 1.75 80.0  -130.16265 -0.18685 -130.16480 -0.19157 -130.13314 -0.15937 
  2.2 1.50 80.0  -130.09991 -0.12203 -130.09673 -0.12142 -130.06000 -0.08451 
  2.4 1.50 80.0  -130.13706 -0.15969 -130.13651 -0.16186 -130.10054 -0.12557 
  2.0 5.00 90.0  -130.17231 -0.19225 -130.17215 -0.19211 -130.17178 -0.19172 
  2.2 5.00 90.0  -130.19430 -0.21509 -130.19438 -0.21521 -130.19403 -0.21484 
  2.4 5.00 90.0  -130.17644 -0.19801 -130.17658 -0.19822 -130.17628 -0.19789 
  2.6 5.00 90.0  -130.14246 -0.16463 -130.14256 -0.16482 -130.14234 -0.16457 
  2.8 5.00 90.0  -130.10461 -0.12710 -130.10455 -0.12715 -130.10448 -0.12704 
  2.0 4.00 90.0  -130.16482 -0.18506 -130.16425 -0.18457 -130.16283 -0.18309 
  2.2 4.00 90.0  -130.18659 -0.20764 -130.18669 -0.20793 -130.18537 -0.20655 
  2.4 4.00 90.0  -130.16900 -0.19081 -130.16918 -0.19126 -130.16808 -0.19009 
  2.6 4.00 90.0  -130.13569 -0.15807 -130.13546 -0.15819 -130.13479 -0.15742 
  2.8 4.00 90.0  -130.09894 -0.12158 -130.09774 -0.12082 -130.09783 -0.12077 
  2.0 3.50 90.0  -130.15367 -0.17426 -130.15260 -0.17334 -130.14996 -0.17061 
  2.2 3.50 90.0  -130.17576 -0.19717 -130.17563 -0.19733 -130.17320 -0.19482 
  2.4 3.50 90.0  -130.15911 -0.18130 -130.15878 -0.18138 -130.15686 -0.17934 
  2.6 3.50 90.0  -130.12745 -0.15015 -130.12575 -0.14906 -130.12485 -0.14796 
  2.8 3.50 90.0  -130.09317 -0.11608 -130.08868 -0.11237 -130.08965 -0.11305 
  2.0 3.00 90.0  -130.13063 -0.15186 -130.12864 -0.15007 -130.12397 -0.14531 
  2.2 3.00 90.0  -130.15515 -0.17731 -130.15370 -0.17621 -130.14944 -0.17183 
  2.4 3.00 90.0  -130.14286 -0.16575 -130.13959 -0.16322 -130.13622 -0.15955 
  2.6 3.00 90.0  -130.11807 -0.14137 -130.11170 -0.13656 -130.10883 -0.13286 
  2.8 3.00 90.0  -130.09196 -0.11560 -130.09456 -0.12087 -130.08019 -0.10458 
  2.0 2.75 90.0  -130.11206 -0.13381 -130.10904 -0.13096 -130.10291 -0.12475 
  2.2 2.75 90.0  -130.14077 -0.16351 -130.13723 -0.16047 -130.13126 -0.15424 
  2.4 2.75 90.0  -130.13583 -0.15919 -130.13033 -0.15540 -130.12279 -0.14689 
  2.6 2.75 90.0  -130.11968 -0.14358 -130.12522 -0.15213 -130.10301 -0.12809 
  2.8 2.75 90.0  -130.09990 -0.12436 -130.11293 -0.13952 -130.08282 -0.10845 
  2.0 2.50 90.0  -130.08853 -0.11105 -130.08325 -0.10597 -130.07474 -0.09724 
  2.2 2.50 90.0  -130.12867 -0.15199 -130.12291 -0.14806 -130.11033 -0.13435 
  2.4 2.50 90.0  -130.13735 -0.16138 -130.14457 -0.17156 -130.11508 -0.14087 
  2.6 2.50 90.0  -130.13022 -0.15496 -130.14447 -0.17133 -130.11000 -0.13680 
  2.8 2.50 90.0  -130.11451 -0.13977 -130.13210 -0.15888 -130.09642 -0.12322 
  2.0 2.25 90.0  -130.06722 -0.09035 -130.05986 -0.08497 -130.04202 -0.06584 
  2.2 2.25 90.0  -130.12768 -0.15161 -130.13495 -0.16147 -130.10036 -0.12684 
  2.4 2.25 90.0  -130.14778 -0.17242 -130.16142 -0.18802 -130.12540 -0.15229 
  2.6 2.25 90.0  -130.14545 -0.17055 -130.16215 -0.18889 -130.12496 -0.15183 
  2.8 2.25 90.0  -130.13161 -0.15729 -130.14981 -0.17666 -130.11225 -0.13916 
  2.0 2.00 90.0  -130.05778 -0.08118 -130.06334 -0.08891 -130.02813 -0.05427 
  2.2 2.00 90.0  -130.13168 -0.15582 -130.14327 -0.16911 -130.10585 -0.13194 
  2.4 2.00 90.0  -130.15723 -0.18176 -130.17205 -0.19824 -130.13375 -0.16003 
  2.6 2.00 90.0  -130.15770 -0.18247 -130.17421 -0.20074 -130.13561 -0.16215 
  2.8 2.00 90.0  -130.14534 -0.17044 -130.16296 -0.18973 -130.12434 -0.15111 
  2.0 1.75 90.0  -130.04295 -0.06601 -130.05151 -0.07622 -130.01356 -0.03855 
  2.2 1.75 90.0  -130.12454 -0.14790 -130.13643 -0.16166 -130.09751 -0.12282 
  2.4 1.75 90.0  -130.15523 -0.17893 -130.16933 -0.19508 -130.12999 -0.15571 
  2.6 1.75 90.0  -130.15943 -0.18354 -130.17513 -0.20135 -130.13570 -0.16185 
  2.8 1.75 90.0  -130.15018 -0.17474 -130.16707 -0.19366 -130.12771 -0.15424 
  2.0 1.50 90.0  -129.99917 -0.02129 -130.00742 -0.03142 -129.96835  0.00749 
  2.2 1.50 90.0  -130.09058 -0.11316 -130.10185 -0.12651 -130.06206 -0.08672 
  2.4 1.50 90.0  -130.12999 -0.15304 -130.14352 -0.16882 -130.10344 -0.12865 
  2.6 1.50 90.0  -130.14193 -0.16549 -130.15722 -0.18309 -130.11713 -0.14289 
  2.8 1.50 90.0  -130.13937 -0.16347 -130.15608 -0.18241 -130.11608 -0.14233 
  3.0 1.50 90.0  -130.12916 -0.15379 -130.14701 -0.17366 -130.10707 -0.13372 
  2.0 7.00 100.0  -130.17370 -0.19352 -130.17373 -0.19354 -130.17371 -0.19353 
  2.2 7.00 100.0  -130.19593 -0.21661 -130.19596 -0.21664 -130.19594 -0.21662 
  2.4 7.00 100.0  -130.17811 -0.19959 -130.17814 -0.19962 -130.17813 -0.19960 
  2.6 7.00 100.0  -130.14407 -0.16616 -130.14409 -0.16619 -130.14408 -0.16617 
  2.0 5.00 100.0  -130.17160 -0.19150 -130.17208 -0.19204 -130.17174 -0.19168 
  2.2 5.00 100.0  -130.19376 -0.21453 -130.19432 -0.21515 -130.19395 -0.21477 
  2.4 5.00 100.0  -130.17593 -0.19749 -130.17655 -0.19818 -130.17616 -0.19777 
  2.6 5.00 100.0  -130.14192 -0.16409 -130.14256 -0.16482 -130.14215 -0.16439 
  2.0 4.00 100.0  -130.16217 -0.18230 -130.16385 -0.18415 -130.16243 -0.18269 
  2.2 4.00 100.0  -130.18431 -0.20531 -130.18629 -0.20751 -130.18478 -0.20595 
  2.4 4.00 100.0  -130.16660 -0.18842 -130.16882 -0.19089 -130.16721 -0.18922 
  2.6 4.00 100.0  -130.13289 -0.15532 -130.13527 -0.15797 -130.13349 -0.15614 
  2.0 3.50 100.0  -130.14894 -0.16939 -130.15165 -0.17236 -130.14893 -0.16958 
  2.2 3.50 100.0  -130.17124 -0.19260 -130.17458 -0.19625 -130.17167 -0.19328 
  2.4 3.50 100.0  -130.15385 -0.17608 -130.15776 -0.18030 -130.15456 -0.17703 
  2.6 3.50 100.0  -130.12071 -0.14357 -130.12515 -0.14834 -130.12135 -0.14448 
  2.0 3.00 100.0  -130.12257 -0.14364 -130.12626 -0.14763 -130.12128 -0.14262 
  2.2 3.00 100.0  -130.14549 -0.16762 -130.15066 -0.17305 -130.14517 -0.16754 
  2.4 3.00 100.0  -130.12885 -0.15201 -130.13615 -0.15954 -130.12927 -0.15255 
  2.6 3.00 100.0  -130.09810 -0.12166 -130.11481 -0.13949 -130.09727 -0.12122 
  2.0 2.75 100.0  -130.10101 -0.12256 -130.10498 -0.12678 -130.09838 -0.12019 
  2.2 2.75 100.0  -130.12433 -0.14719 -130.13130 -0.15424 -130.12344 -0.14632 
  2.4 2.75 100.0  -130.10919 -0.13295 -130.12958 -0.15461 -130.10867 -0.13249 
  2.6 2.75 100.0  -130.09125 -0.11561 -130.13234 -0.15806 -130.07810 -0.10263 
  2.8 2.75 100.0  -130.07816 -0.10455 -130.12353 -0.14931 -130.07439 -0.10096 
  2.0 2.50 100.0  -130.07081 -0.09307 -130.07532 -0.09765 -130.06637 -0.08872 
  2.2 2.50 100.0  -130.09456 -0.11846 -130.11962 -0.14485 -130.09335 -0.11680 
  2.4 2.50 100.0  -130.10993 -0.13551 -130.14937 -0.17517 -130.10354 -0.12969 
  2.6 2.50 100.0  -130.11495 -0.14078 -130.15354 -0.17954 -130.10668 -0.13320 
  2.8 2.50 100.0  -130.10380 -0.13033 -130.14408 -0.17016 -130.09616 -0.12288 
  2.0 2.25 100.0  -130.03374 -0.05699 -130.05569 -0.08070 -130.02249 -0.04542 
  2.2 2.25 100.0  -130.10895 -0.13313 -130.13750 -0.16297 -130.09394 -0.11971 
  2.4 2.25 100.0  -130.13672 -0.16164 -130.16856 -0.19435 -130.12367 -0.14981 
  2.6 2.25 100.0  -130.13837 -0.16386 -130.17259 -0.19864 -130.12657 -0.15304 
  2.8 2.25 100.0  -130.12673 -0.15274 -130.16284 -0.18904 -130.11576 -0.14251 
  2.0 2.00 100.0  -130.04310 -0.06634 -130.06357 -0.08833 -130.02221 -0.04731 
  2.2 2.00 100.0  -130.12281 -0.14671 -130.14785 -0.17304 -130.10476 -0.13024 
  2.4 2.00 100.0  -130.15167 -0.17609 -130.18002 -0.20562 -130.13562 -0.16150 
  2.6 2.00 100.0  -130.15412 -0.17902 -130.18498 -0.21092 -130.13951 -0.16580 
  2.8 2.00 100.0  -130.14316 -0.16856 -130.17607 -0.20225 -130.12959 -0.15625 
  2.2 1.75 100.0  -130.11810 -0.14145 -130.14027 -0.16504 -130.09731 -0.12232 
  2.4 1.75 100.0  -130.15042 -0.17426 -130.17595 -0.20123 -130.13178 -0.15729 
  2.6 1.75 100.0  -130.15606 -0.18040 -130.18423 -0.20996 -130.13909 -0.16511 
  2.8 1.75 100.0  -130.14798 -0.17285 -130.17838 -0.20443 -130.13232 -0.15880 
  3.0 1.75 100.0  -130.13302 -0.15843 -130.16543 -0.19167 -130.11833 -0.14518 
  2.2 1.50 100.0  -130.08068 -0.10347 -130.10062 -0.12491 -130.05761 -0.08206 
  2.4 1.50 100.0  -130.12154 -0.14485 -130.14494 -0.16985 -130.10086 -0.12592 
  2.6 1.50 100.0  -130.13504 -0.15890 -130.16125 -0.18669 -130.11631 -0.14199 
  2.8 1.50 100.0  -130.13399 -0.15842 -130.16256 -0.18842 -130.11684 -0.14307 
  3.0 1.50 100.0  -130.12511 -0.15011 -130.15583 -0.18194 -130.10918 -0.13587 
  2.0 7.00 110.0  -130.17375 -0.19357 -130.17372 -0.19354 -130.17371 -0.19352 
  2.2 7.00 110.0  -130.19596 -0.21665 -130.19595 -0.21664 -130.19594 -0.21662 
  2.4 7.00 110.0  -130.17814 -0.19963 -130.17814 -0.19962 -130.17812 -0.19960 
  2.6 7.00 110.0  -130.14409 -0.16619 -130.14410 -0.16619 -130.14407 -0.16616 
  2.0 5.00 110.0  -130.17227 -0.19221 -130.17195 -0.19191 -130.17154 -0.19148 
  2.2 5.00 110.0  -130.19423 -0.21503 -130.19419 -0.21503 -130.19372 -0.21454 
  2.4 5.00 110.0  -130.17628 -0.19787 -130.17644 -0.19809 -130.17588 -0.19751 
  2.6 5.00 110.0  -130.14215 -0.16436 -130.14250 -0.16478 -130.14181 -0.16407 
  2.0 4.00 110.0  -130.16538 -0.18570 -130.16325 -0.18359 -130.16147 -0.18177 
  2.2 4.00 110.0  -130.18660 -0.20776 -130.18579 -0.20707 -130.18369 -0.20491 
  2.4 4.00 110.0  -130.16835 -0.19034 -130.16860 -0.19073 -130.16594 -0.18801 
  2.6 4.00 110.0  -130.13407 -0.15675 -130.13563 -0.15843 -130.13195 -0.15469 
  2.0 3.50 110.0  -130.15560 -0.17638 -130.15076 -0.17157 -130.14716 -0.16789 
  2.2 3.50 110.0  -130.17629 -0.19794 -130.17424 -0.19605 -130.16974 -0.19146 
  2.4 3.50 110.0  -130.15794 -0.18053 -130.15879 -0.18154 -130.15246 -0.17509 
  2.6 3.50 110.0  -130.12362 -0.14705 -130.12960 -0.15313 -130.11897 -0.14234 
  2.0 3.00 110.0  -130.13492 -0.15649 -130.12640 -0.14804 -130.11889 -0.14043 
  2.2 3.00 110.0  -130.15648 -0.17905 -130.15465 -0.17753 -130.14340 -0.16607 
  2.4 3.00 110.0  -130.13912 -0.16317 -130.15072 -0.17495 -130.12926 -0.15306 
  2.6 3.00 110.0  -130.10464 -0.13037 -130.14165 -0.16667 -130.10267 -0.12764 
  2.0 2.75 110.0  -130.11748 -0.13987 -130.10856 -0.13089 -130.09684 -0.11900 
  2.2 2.75 110.0  -130.13668 -0.16232 -130.14692 -0.17091 -130.12525 -0.14876 
  2.4 2.75 110.0  -130.13315 -0.15791 -130.16017 -0.18524 -130.12154 -0.14660 
  2.6 2.75 110.0  -130.12128 -0.14600 -130.16022 -0.18563 -130.11242 -0.13838 
  2.8 2.75 110.0  -130.10441 -0.12972 -130.15051 -0.17602 -130.09882 -0.12512 
  3.0 2.75 110.0  -130.08443 -0.11046 -130.13548 -0.16094 -130.08130 -0.10773 
  2.2 2.50 110.0  -130.13275 -0.15672 -130.15206 -0.17691 -130.11410 -0.13898 
  2.4 2.50 110.0  -130.14530 -0.16936 -130.17758 -0.20287 -130.13156 -0.15725 
  2.6 2.50 110.0  -130.14072 -0.16543 -130.18066 -0.20621 -130.13119 -0.15733 
  2.8 2.50 110.0  -130.12632 -0.15177 -130.17143 -0.19710 -130.11973 -0.14617 
  3.0 2.50 110.0  -130.10691 -0.13307 -130.15617 -0.18182 -130.10247 -0.12908 
  2.2 2.25 110.0  -130.13933 -0.16264 -130.16370 -0.18858 -130.11957 -0.14479 
  2.4 2.25 110.0  -130.16055 -0.18454 -130.19346 -0.21871 -130.14611 -0.17181 
  2.6 2.25 110.0  -130.15903 -0.18375 -130.19770 -0.22323 -130.14821 -0.17433 
  2.8 2.25 110.0  -130.14567 -0.17110 -130.18879 -0.21449 -130.13749 -0.16395 
  3.0 2.25 110.0  -130.12657 -0.15267 -130.17358 -0.19930 -130.12045 -0.14712 
  2.2 2.00 110.0  -130.14211 -0.16529 -130.16684 -0.19149 -130.12158 -0.14663 
  2.4 2.00 110.0  -130.16761 -0.19150 -130.19905 -0.22411 -130.15162 -0.17713 
  2.6 2.00 110.0  -130.16832 -0.19289 -130.20487 -0.23027 -130.15566 -0.18163 
  2.8 2.00 110.0  -130.15648 -0.18173 -130.19725 -0.22287 -130.14641 -0.17277 
  2.2 1.75 110.0  -130.12343 -0.14642 -130.14663 -0.17091 -130.10120 -0.12585 
  2.4 1.75 110.0  -130.15385 -0.17749 -130.18315 -0.20791 -130.13587 -0.16103 
  2.6 1.75 110.0  -130.15887 -0.18316 -130.19307 -0.21823 -130.14420 -0.16989 
  2.8 1.75 110.0  -130.15102 -0.17597 -130.18935 -0.21481 -130.13900 -0.16516 
  3.0 1.75 110.0  -130.13680 -0.16241 -130.17892 -0.20452 -130.12694 -0.15346 
  2.2 1.50 110.0  -130.06198 -0.08466 -130.08330 -0.10708 -130.03787 -0.06191 
  2.0 7.00 120.0  -130.17384 -0.19366 -130.17372 -0.19354 -130.17370 -0.19352 
  2.2 7.00 120.0  -130.19603 -0.21672 -130.19595 -0.21663 -130.19592 -0.21661 
  2.4 7.00 120.0  -130.17819 -0.19968 -130.17814 -0.19962 -130.17811 -0.19959 
  2.6 7.00 120.0  -130.14414 -0.16624 -130.14409 -0.16619 -130.14406 -0.16615 
  2.0 5.00 120.0  -130.17360 -0.19362 -130.17171 -0.19168 -130.17117 -0.19113 
  2.2 5.00 120.0  -130.19518 -0.21604 -130.19394 -0.21480 -130.19331 -0.21415 
  2.4 5.00 120.0  -130.17704 -0.19869 -130.17620 -0.19788 -130.17541 -0.19707 
  2.6 5.00 120.0  -130.14276 -0.16505 -130.14231 -0.16462 -130.14126 -0.16355 
  2.0 4.00 120.0  -130.17078 -0.19137 -130.16225 -0.18269 -130.15984 -0.18020 
  2.2 4.00 120.0  -130.19087 -0.21226 -130.18495 -0.20636 -130.18195 -0.20325 
  2.4 4.00 120.0  -130.17210 -0.19437 -130.16823 -0.19053 -130.16410 -0.18630 
  2.6 4.00 120.0  -130.13748 -0.16052 -130.13637 -0.15940 -130.12999 -0.15290 
  2.0 3.50 120.0  -130.16532 -0.18649 -130.14949 -0.17051 -130.14439 -0.16528 
  2.2 3.50 120.0  -130.18494 -0.20697 -130.17414 -0.19627 -130.16714 -0.18909 
  2.4 3.50 120.0  -130.16649 -0.18959 -130.16158 -0.18482 -130.15042 -0.17340 
  2.6 3.50 120.0  -130.13251 -0.15673 -130.13838 -0.16258 -130.11817 -0.14207 
  2.0 3.00 120.0  -130.15100 -0.17331 -130.12816 -0.15035 -130.11636 -0.13833 
  2.2 3.00 120.0  -130.17430 -0.19744 -130.16390 -0.18763 -130.14424 -0.16760 
  2.4 3.00 120.0  -130.15862 -0.18443 -130.17074 -0.19561 -130.13795 -0.16277 
  2.6 3.00 120.0  -130.13812 -0.16358 -130.16696 -0.19223 -130.12297 -0.14884 
  2.0 2.75 120.0  -130.13551 -0.16037 -130.11737 -0.14054 -130.09787 -0.12076 
  2.2 2.75 120.0  -130.16621 -0.19118 -130.16820 -0.19278 -130.13633 -0.16086 
  2.4 2.75 120.0  -130.16671 -0.19139 -130.18743 -0.21257 -130.14493 -0.17052 
  2.6 2.75 120.0  -130.15447 -0.17931 -130.18866 -0.21404 -130.14006 -0.16612 
  2.0 2.50 120.0  -130.12304 -0.14709 -130.11287 -0.13692 -130.08191 -0.10599 
  2.2 2.50 120.0  -130.16853 -0.19230 -130.17969 -0.20444 -130.13868 -0.16380 
  2.4 2.50 120.0  -130.17936 -0.20338 -130.20574 -0.23084 -130.15897 -0.18462 
  2.6 2.50 120.0  -130.17228 -0.19687 -130.20897 -0.23431 -130.15866 -0.18471 
  2.0 2.25 120.0  -130.11233 -0.13513 -130.11241 -0.13651 -130.07289 -0.09740 
  2.0 2.25 120.0  -130.11233 -0.13513 -130.11241 -0.13651 -130.07289 -0.09740 
  2.2 2.25 120.0  -130.17104 -0.19418 -130.18826 -0.21282 -130.14334 -0.16839 
  2.4 2.25 120.0  -130.18837 -0.21213 -130.21719 -0.24212 -130.16883 -0.19434 
  2.6 2.25 120.0  -130.18405 -0.20852 -130.22129 -0.24649 -130.17035 -0.19626 
  2.0 2.00 120.0  -130.09298 -0.11520 -130.09951 -0.12331 -130.05651 -0.08083 
  2.2 2.00 120.0  -130.16003 -0.18292 -130.17949 -0.20375 -130.13313 -0.15792 
  2.4 2.00 120.0  -130.18131 -0.20492 -130.21036 -0.23501 -130.16139 -0.18663 
  2.6 2.00 120.0  -130.17935 -0.20368 -130.21591 -0.24086 -130.16476 -0.19042 
  2.8 2.00 120.0  -130.16616 -0.19120 -130.20893 -0.23408 -130.15579 -0.18181 
  2.4 1.75 120.0  -130.14035 -0.16376 -130.16837 -0.19265 -130.11924 -0.14403 
  2.6 1.75 120.0  -130.14364 -0.16776 -130.17881 -0.20345 -130.12772 -0.15300 
  2.8 1.75 120.0  -130.13596 -0.16079 -130.17716 -0.20206 -130.12423 -0.14996 
  2.4 1.50 120.0  -130.04187 -0.06499 -130.06845 -0.09211 -130.01933 -0.04341 
  2.6 1.50 120.0  -130.05947 -0.08328 -130.09303 -0.11720 -130.04212 -0.06686 
  2.8 1.50 120.0  -130.06616 -0.09070 -130.10557 -0.13018 -130.05306 -0.07838 
  2.0 7.00 130.0  -130.17392 -0.19375 -130.17371 -0.19353 -130.17368 -0.19350 
  2.2 7.00 130.0  -130.19608 -0.21677 -130.19594 -0.21663 -130.19591 -0.21659 
  2.4 7.00 130.0  -130.17823 -0.19972 -130.17813 -0.19961 -130.17809 -0.19957 
  2.6 7.00 130.0  -130.14417 -0.16628 -130.14408 -0.16618 -130.14403 -0.16613 
  2.0 5.00 130.0  -130.17464 -0.19474 -130.17130 -0.19131 -130.17060 -0.19057 
  2.2 5.00 130.0  -130.19590 -0.21682 -130.19349 -0.21439 -130.19266 -0.21353 
  2.4 5.00 130.0  -130.17759 -0.19932 -130.17573 -0.19746 -130.17469 -0.19638 
  2.6 5.00 130.0  -130.14321 -0.16560 -130.14186 -0.16424 -130.14044 -0.16278 
  2.0 4.00 130.0  -130.17442 -0.19521 -130.16057 -0.18113 -130.15737 -0.17782 
  2.2 4.00 130.0  -130.19391 -0.21553 -130.18338 -0.20496 -130.17930 -0.20074 
  2.4 4.00 130.0  -130.17501 -0.19757 -130.16722 -0.18979 -130.16138 -0.18376 
  2.6 4.00 130.0  -130.14051 -0.16395 -130.13694 -0.16037 -130.12730 -0.15049 
  2.0 3.50 130.0  -130.17116 -0.19256 -130.14712 -0.16845 -130.14018 -0.16131 
  2.2 3.50 130.0  -130.19088 -0.21327 -130.17334 -0.19596 -130.16332 -0.18563 
  2.4 3.50 130.0  -130.17344 -0.19709 -130.16488 -0.18884 -130.14796 -0.17151 
  2.6 3.50 130.0  -130.14146 -0.16652 -130.14845 -0.17341 -130.11913 -0.14392 
  2.0 3.00 130.0  -130.16061 -0.18295 -130.12963 -0.15257 -130.11272 -0.13536 
  2.2 3.00 130.0  -130.18302 -0.20869 -130.17378 -0.19835 -130.14638 -0.17073 
  2.4 3.00 130.0  -130.17772 -0.20326 -130.18842 -0.21374 -130.14961 -0.17533 
  2.6 3.00 130.0  -130.15510 -0.18673 -130.18859 -0.21412 -130.14189 -0.16819 
  2.0 2.75 130.0  -130.14844 -0.17336 -130.12608 -0.15004 -130.09942 -0.12327 
  2.2 2.75 130.0  -130.18571 -0.21029 -130.18552 -0.21045 -130.14810 -0.17339 
  2.4 2.75 130.0  -130.19012 -0.21469 -130.20872 -0.23399 -130.16376 -0.18967 
  2.6 2.75 130.0  -130.17957 -0.20447 -130.21172 -0.23716 -130.16205 -0.18829 
  2.0 2.50 130.0  -130.14092 -0.16445 -130.12813 -0.15241 -130.09206 -0.11673 
  2.2 2.50 130.0  -130.18982 -0.21340 -130.19837 -0.22313 -130.15512 -0.18044 
  2.4 2.50 130.0  -130.20124 -0.22523 -130.22508 -0.25013 -130.17726 -0.20299 
  2.6 2.50 130.0  -130.19359 -0.21818 -130.22846 -0.25370 -130.17735 -0.20340 
  2.8 2.50 130.0  -130.17664 -0.20191 -130.22002 -0.24535 -130.16624 -0.19251 
  2.0 2.25 130.0  -130.12762 -0.15014 -130.12463 -0.14864 -130.08312 -0.10771 
  2.2 2.25 130.0  -130.18489 -0.20791 -130.19893 -0.22335 -130.15300 -0.17805 
  2.4 2.25 130.0  -130.19941 -0.22308 -130.22584 -0.25057 -130.17662 -0.20205 
  2.6 2.25 130.0  -130.19229 -0.21667 -130.22823 -0.25318 -130.17634 -0.20210 
  2.8 2.25 130.0  -130.17495 -0.20005 -130.21866 -0.24372 -130.16441 -0.19041 
  2.2 2.00 130.0  -130.15063 -0.17335 -130.16678 -0.19078 -130.11958 -0.14421 
  2.4 2.00 130.0  -130.16553 -0.18898 -130.19249 -0.21681 -130.14254 -0.16754 
  2.6 2.00 130.0  -130.15840 -0.18257 -130.19418 -0.21875 -130.14185 -0.16720 
  2.8 2.00 130.0  -130.14163 -0.16653 -130.18487 -0.20959 -130.13037 -0.15601 
  2.2 1.75 130.0  -130.05329 -0.07576 -130.06959 -0.09250 -130.02191 -0.04519 
  2.4 1.75 130.0  -130.07007 -0.09325 -130.09658 -0.11993 -130.04635 -0.07018 
  2.6 1.75 130.0  -130.06717 -0.09107 -130.10226 -0.12600 -130.04978 -0.07416 
  2.8 1.75 130.0  -130.05708 -0.08171 -130.09953 -0.12358 -130.04499 -0.06984 
  2.0 7.00 140.0  -130.17393 -0.19377 -130.17370 -0.19352 -130.17366 -0.19349 
  2.2 7.00 140.0  -130.19608 -0.21678 -130.19592 -0.21661 -130.19588 -0.21657 
  2.4 7.00 140.0  -130.17823 -0.19973 -130.17811 -0.19960 -130.17806 -0.19955 
  2.6 7.00 140.0  -130.14416 -0.16628 -130.14406 -0.16617 -130.14400 -0.16611 
  2.0 5.00 140.0  -130.17459 -0.19474 -130.17071 -0.19075 -130.16983 -0.18982 
  2.2 5.00 140.0  -130.19570 -0.21668 -130.19281 -0.21375 -130.19178 -0.21267 
  2.4 5.00 140.0  -130.17731 -0.19911 -130.17497 -0.19675 -130.17369 -0.19542 
  2.6 5.00 140.0  -130.14287 -0.16535 -130.14106 -0.16350 -130.13931 -0.16171 
  2.0 4.00 140.0  -130.17362 -0.19452 -130.15792 -0.17863 -130.15393 -0.17449 
  2.2 4.00 140.0  -130.19303 -0.21483 -130.18060 -0.20239 -130.17551 -0.19711 
  2.4 4.00 140.0  -130.17431 -0.19713 -130.16481 -0.18771 -130.15739 -0.18001 
  2.6 4.00 140.0  -130.14030 -0.16412 -130.13613 -0.16009 -130.12342 -0.14696 
  2.0 3.50 140.0  -130.16909 -0.19065 -130.14275 -0.16444 -130.13405 -0.15546 
  2.2 3.50 140.0  -130.18958 -0.21233 -130.17034 -0.19356 -130.15739 -0.18017 
  2.4 3.50 140.0  -130.17384 -0.19809 -130.16623 -0.19108 -130.14385 -0.16815 
  2.6 3.50 140.0  -130.14508 -0.17117 -130.15590 -0.18166 -130.12028 -0.14618 
  2.0 3.00 140.0  -130.15450 -0.17987 -130.12802 -0.15177 -130.10626 -0.12970 
  2.2 3.00 140.0  -130.18473 -0.21029 -130.17952 -0.20483 -130.14654 -0.17195 
  2.4 3.00 140.0  -130.18533 -0.21067 -130.19971 -0.22547 -130.15737 -0.18380 
  2.6 3.00 140.0  -130.17340 -0.19883 -130.20285 -0.22869 -130.15455 -0.18128 
  2.0 2.75 140.0  -130.14696 -0.17149 -130.12955 -0.15413 -130.09769 -0.12248 
  2.2 2.75 140.0  -130.18988 -0.21417 -130.19449 -0.21975 -130.15374 -0.17960 
  2.4 2.75 140.0  -130.19829 -0.22277 -130.21986 -0.24535 -130.17334 -0.19961 
  2.6 2.75 140.0  -130.18972 -0.21464 -130.22346 -0.24904 -130.17304 -0.19953 
  2.0 2.50 140.0  -130.13900 -0.16218 -130.13249 -0.15697 -130.09336 -0.11844 
  2.2 2.50 140.0  -130.19066 -0.21410 -130.20310 -0.22797 -130.15840 -0.18398 
  2.4 2.50 140.0  -130.20200 -0.22596 -130.22799 -0.25310 -130.17939 -0.20530 
  2.6 2.50 140.0  -130.19252 -0.21712 -130.22868 -0.25390 -130.17702 -0.20316 
  2.0 2.25 140.0  -130.11567 -0.13803 -130.11753 -0.14154 -130.07477 -0.09948 
  2.2 2.25 140.0  -130.16888 -0.19183 -130.18554 -0.20993 -130.13890 -0.16402 
  2.4 2.25 140.0  -130.17689 -0.20051 -130.20486 -0.22947 -130.15507 -0.18048 
  2.6 2.25 140.0  -130.16241 -0.18639 -130.19750 -0.22274 -130.14511 -0.17073 
  2.0 7.00 150.0  -130.17387 -0.19371 -130.17368 -0.19351 -130.17364 -0.19346 
  2.2 7.00 150.0  -130.19603 -0.21673 -130.19590 -0.21659 -130.19585 -0.21655 
  2.4 7.00 150.0  -130.17818 -0.19968 -130.17808 -0.19957 -130.17803 -0.19952 
  2.6 7.00 150.0  -130.14411 -0.16622 -130.14403 -0.16614 -130.14397 -0.16608 
  2.0 5.00 150.0  -130.17312 -0.19327 -130.16997 -0.19004 -130.16892 -0.18894 
  2.2 5.00 150.0  -130.19425 -0.21526 -130.19191 -0.21289 -130.19071 -0.21164 
  2.4 5.00 150.0  -130.17582 -0.19766 -130.17391 -0.19574 -130.17246 -0.19423 
  2.6 5.00 150.0  -130.14131 -0.16385 -130.13985 -0.16237 -130.13793 -0.16037 
  2.0 4.00 150.0  -130.16723 -0.18821 -130.15428 -0.17510 -130.14966 -0.17032 
  2.2 4.00 150.0  -130.18673 -0.20865 -130.17634 -0.19831 -130.17059 -0.19232 
  2.4 4.00 150.0  -130.16808 -0.19108 -130.16021 -0.18342 -130.15194 -0.17477 
  2.6 4.00 150.0  -130.13445 -0.15857 -130.13220 -0.15672 -130.11779 -0.14166 
  2.0 3.50 150.0  -130.15716 -0.17899 -130.13561 -0.15758 -130.12573 -0.14738 
  2.2 3.50 150.0  -130.17833 -0.20140 -130.16336 -0.18714 -130.14843 -0.17162 
  2.4 3.50 150.0  -130.16420 -0.18906 -130.16272 -0.18857 -130.13610 -0.16119 
  2.6 3.50 150.0  -130.13624 -0.16360 -130.15727 -0.18391 -130.11798 -0.14504 
  2.0 3.00 150.0  -130.13386 -0.16027 -130.12038 -0.14491 -130.09473 -0.11893 
  2.2 3.00 150.0  -130.17167 -0.19710 -130.17769 -0.20370 -130.14099 -0.16738 
  2.4 3.00 150.0  -130.17827 -0.20349 -130.20150 -0.22778 -130.15713 -0.18426 
  2.6 3.00 150.0  -130.17050 -0.19595 -130.20579 -0.23208 -130.15679 -0.18412 
  2.0 2.75 150.0  -130.12761 -0.15193 -130.12433 -0.14943 -130.08902 -0.11458 
  2.2 2.75 150.0  -130.17612 -0.20027 -130.19213 -0.21776 -130.14944 -0.17582 
  2.4 2.75 150.0  -130.18747 -0.21195 -130.21691 -0.24273 -130.16961 -0.19634 
  2.6 2.75 150.0  -130.17890 -0.20390 -130.21777 -0.24364 -130.16716 -0.19406 
  2.8 2.75 150.0  -130.15971 -0.18530 -130.20589 -0.23167 -130.15253 -0.17945 
  2.0 2.50 150.0  -130.11536 -0.13841 -130.12305 -0.14773 -130.08222 -0.10760 
  2.2 2.50 150.0  -130.16735 -0.19079 -130.18978 -0.21484 -130.14437 -0.17023 
  2.4 2.50 150.0  -130.17463 -0.19864 -130.20746 -0.23271 -130.15862 -0.18475 
  2.6 2.50 150.0  -130.15747 -0.18211 -130.19827 -0.22357 -130.14662 -0.17287 
  2.8 2.50 150.0  -130.12700 -0.15226 -130.17445 -0.19969 -130.12029 -0.14656 
  2.2 2.25 150.0  -130.11436 -0.13736 -130.13962 -0.16396 -130.09383 -0.11775 
  2.4 2.25 150.0  -130.10518 -0.12879 -130.14007 -0.16376 -130.09054 -0.11465 
  2.6 2.25 150.0  -130.06805 -0.09226 -130.11030 -0.13404 -130.05807 -0.08238 
  2.8 2.25 150.0  -130.01632 -0.04055 -130.06450 -0.08822 -130.00978 -0.03424 
  2.0 7.00 160.0  -130.17375 -0.19359 -130.17366 -0.19349 -130.17361 -0.19344 
  2.2 7.00 160.0  -130.19593 -0.21663 -130.19588 -0.21658 -130.19583 -0.21652 
  2.4 7.00 160.0  -130.17809 -0.19959 -130.17806 -0.19955 -130.17800 -0.19949 
  2.6 7.00 160.0  -130.14402 -0.16614 -130.14400 -0.16612 -130.14393 -0.16604 
  2.0 5.00 160.0  -130.17059 -0.19072 -130.16921 -0.18930 -130.16803 -0.18806 
  2.2 5.00 160.0  -130.19185 -0.21285 -130.19096 -0.21197 -130.18964 -0.21059 
  2.4 5.00 160.0  -130.17334 -0.19519 -130.17274 -0.19461 -130.17121 -0.19301 
  2.6 5.00 160.0  -130.13870 -0.16125 -130.13842 -0.16099 -130.13650 -0.15898 
  2.0 4.00 160.0  -130.15635 -0.17730 -130.15012 -0.17099 -130.14516 -0.16587 
  2.2 4.00 160.0  -130.17570 -0.19763 -130.17102 -0.19306 -130.16513 -0.18693 
  2.4 4.00 160.0  -130.15650 -0.17954 -130.15350 -0.17682 -130.14552 -0.16843 
  2.6 4.00 160.0  -130.12243 -0.14662 -130.12401 -0.14883 -130.11052 -0.13453 
  2.0 3.50 160.0  -130.13667 -0.15862 -130.12596 -0.14796 -130.11592 -0.13761 
  2.2 3.50 160.0  -130.15728 -0.18049 -130.15125 -0.17527 -130.13642 -0.15971 
  2.4 3.50 160.0  -130.14344 -0.16870 -130.15232 -0.17926 -130.12270 -0.14821 
  2.6 3.50 160.0  -130.11965 -0.15020 -130.15081 -0.17853 -130.10942 -0.13773 
  2.0 3.00 160.0  -130.10609 -0.13029 -130.10497 -0.13023 -130.07616 -0.10077 
  2.2 3.00 160.0  -130.14473 -0.17187 -130.16761 -0.19429 -130.12829 -0.15557 
  2.4 3.00 160.0  -130.15644 -0.18351 -130.19350 -0.22041 -130.14812 -0.17600 
  2.6 3.00 160.0  -130.15179 -0.17875 -130.19645 -0.22340 -130.14766 -0.17577 
  2.0 2.75 160.0  -130.09328 -0.11865 -130.11020 -0.13575 -130.07255 -0.09870 
  2.2 2.75 160.0  -130.14667 -0.17202 -130.17907 -0.20508 -130.13537 -0.16220 
  2.4 2.75 160.0  -130.15920 -0.18458 -130.20009 -0.22633 -130.15282 -0.17997 
  2.6 2.75 160.0  -130.14713 -0.17262 -130.19349 -0.21974 -130.14452 -0.17074 
  2.0 2.50 160.0  -130.07487 -0.09824 -130.10159 -0.12644 -130.06000 -0.08492 
  2.2 2.50 160.0  -130.12393 -0.14783 -130.16021 -0.18540 -130.11566 -0.14045 
  2.4 2.50 160.0  -130.12128 -0.14540 -130.16468 -0.18918 -130.11667 -0.14151 
  2.6 2.50 160.0  -130.08690 -0.11124 -130.13508 -0.15952 -130.08457 -0.10951 
  2.0 2.25 160.0  -130.00615 -0.02788 -130.03690 -0.06012 -129.99402 -0.01748 
  2.2 2.25 160.0  -130.02615 -0.04891 -130.06453 -0.08784 -130.01839 -0.04195 
  2.4 2.25 160.0  -129.98366 -0.00678 -130.02754 -0.05091 -129.97856 -0.00227 
  2.6 2.25 160.0  -129.89895  0.07766 -129.94722  0.02940 -129.89573  0.08040 
  2.0 7.00 170.0  -130.17364 -0.19347 -130.17365 -0.19348 -130.17360 -0.19343 
  2.2 7.00 170.0  -130.19584 -0.21654 -130.19586 -0.21656 -130.19581 -0.21650 
  2.4 7.00 170.0  -130.17800 -0.19950 -130.17804 -0.19954 -130.17797 -0.19947 
  2.6 7.00 170.0  -130.14393 -0.16605 -130.14398 -0.16610 -130.14391 -0.16602 
  2.0 5.00 170.0  -130.16814 -0.18822 -130.16863 -0.18873 -130.16736 -0.18741 
  2.2 5.00 170.0  -130.18951 -0.21049 -130.19021 -0.21123 -130.18883 -0.20980 
  2.4 5.00 170.0  -130.17091 -0.19274 -130.17179 -0.19368 -130.17024 -0.19206 
  2.6 5.00 170.0  -130.13609 -0.15862 -130.13722 -0.15982 -130.13539 -0.15790 
  2.0 4.00 170.0  -130.14515 -0.16596 -130.14662 -0.16748 -130.14157 -0.16228 
  2.2 4.00 170.0  -130.16405 -0.18588 -130.16625 -0.18823 -130.16059 -0.18237 
  2.4 4.00 170.0  -130.14361 -0.16651 -130.14676 -0.16992 -130.13988 -0.16273 
  2.6 4.00 170.0  -130.10793 -0.13189 -130.11356 -0.13801 -130.10364 -0.12751 
  2.0 3.50 170.0  -130.11422 -0.13591 -130.11646 -0.13819 -130.10717 -0.12868 
  2.2 3.50 170.0  -130.13208 -0.15502 -130.13615 -0.15957 -130.12430 -0.14720 
  2.4 3.50 170.0  -130.11467 -0.13959 -130.13530 -0.16357 -130.10478 -0.12956 
  2.6 3.50 170.0  -130.09384 -0.12442 -130.13872 -0.16781 -130.09551 -0.12543 
  2.0 3.00 170.0  -130.06461 -0.08854 -130.08308 -0.10932 -130.05030 -0.07392 
  2.2 3.00 170.0  -130.11134 -0.13817 -130.15368 -0.18084 -130.11163 -0.13963 
  2.4 3.00 170.0  -130.13174 -0.15834 -130.18105 -0.20854 -130.13537 -0.16376 
  2.6 3.00 170.0  -130.12884 -0.15548 -130.18189 -0.20879 -130.13463 -0.16192 
  2.0 2.75 170.0  -130.05355 -0.07860 -130.09217 -0.11795 -130.05196 -0.07815 
  2.2 2.75 170.0  -130.11518 -0.14026 -130.16289 -0.18852 -130.11908 -0.14494 
  2.4 2.75 170.0  -130.12724 -0.15257 -130.17941 -0.20501 -130.13309 -0.15895 
  2.6 2.75 170.0  -130.10837 -0.13386 -130.16319 -0.18873 -130.11501 -0.14092 
  2.0 2.50 170.0  -130.03375 -0.05699 -130.07840 -0.10268 -130.03672 -0.06121 
  2.2 2.50 170.0  -130.07816 -0.10209 -130.12829 -0.15263 -130.08355 -0.10807 
  2.4 2.50 170.0  -130.06191 -0.08621 -130.11556 -0.13994 -130.06838 -0.09299 
  2.6 2.50 170.0  -130.00383 -0.02833 -130.05981 -0.08418 -130.01073 -0.03546 
    2.00   7.00 180.00 -.19346 -.19346 -.19352 -.19352 -.19346 -.19346
    2.20   7.00 180.00 -.21654 -.21654 -.21660 -.21660 -.21654 -.21654
    2.40   7.00 180.00 -.19954 -.19954 -.19960 -.19960 -.19954 -.19954
    2.60   7.00 180.00 -.16616 -.16616 -.16624 -.16624 -.16616 -.16616
    2.00   5.00 180.00 -.18721 -.18721 -.18856 -.18856 -.18721 -.18721
    2.20   5.00 180.00 -.20954 -.20954 -.21100 -.21100 -.20954 -.20954
    2.40   5.00 180.00 -.19177 -.19177 -.19339 -.19339 -.19177 -.19177
    2.60   5.00 180.00 -.15762 -.15762 -.15950 -.15950 -.15762 -.15762
    2.00   4.00 180.00 -.16092 -.16092 -.16611 -.16611 -.16092 -.16092
    2.20   4.00 180.00 -.18057 -.18057 -.18625 -.18625 -.18057 -.18057
    2.40   4.00 180.00 -.16041 -.16041 -.16689 -.16689 -.16041 -.16041
    2.60   4.00 180.00 -.12455 -.12455 -.13263 -.13263 -.12455 -.12455
    2.00   3.50 180.00 -.12492 -.12492 -.13384 -.13384 -.12492 -.12492
    2.20   3.50 180.00 -.14140 -.14140 -.15119 -.15119 -.14140 -.14140
    2.40   3.50 180.00 -.11904 -.11904 -.15136 -.15136 -.11904 -.11904
    2.60   3.50 180.00 -.11711 -.11711 -.16203 -.16203 -.11711 -.11711
    2.00   3.00 180.00 -.05739 -.05739 -.09213 -.09213 -.05739 -.05739
    2.20   3.00 180.00 -.13049 -.13049 -.17358 -.17358 -.13049 -.13049
    2.40   3.00 180.00 -.15721 -.15721 -.20227 -.20227 -.15721 -.15721
    2.60   3.00 180.00 -.15492 -.15492 -.20122 -.20122 -.15492 -.15492
    2.00   2.75 180.00 -.06888 -.06888 -.10987 -.10987 -.06888 -.06888
    2.20   2.75 180.00 -.13695 -.13695 -.18067 -.18067 -.13695 -.13695
    2.40   2.75 180.00 -.14886 -.14886 -.19463 -.19463 -.14886 -.14886
    2.60   2.75 180.00 -.12628 -.12628 -.17339 -.17339 -.12628 -.12628
    2.00   2.50 180.00 -.05034 -.05034 -.09194 -.09194 -.05034 -.05034
    2.20   2.50 180.00 -.09315 -.09315 -.13754 -.13754 -.09315 -.09315
    2.40   2.50 180.00 -.07038 -.07038 -.11689 -.11689 -.07038 -.07038
    2.60   2.50 180.00 -.00018 -.00018 -.04808 -.04808 -.00018 -.00018
file=spline2d.d




