  1
          40           19 
  1.50000000000000000       1.64102564102564097       1.78205128205128194
  1.92307692307692313       2.06410256410256387       2.20512820512820529 
  2.34615384615384626       2.48717948717948723       2.62820512820512819 
  2.76923076923076916       2.91025641025641013       3.05128205128205110   
  3.19230769230769251       3.33333333333333348       3.47435897435897445
  3.61538461538461542       3.75641025641025639       3.89743589743589736      
  4.03846153846153832       4.17948717948717974       4.32051282051282026     
  4.46153846153846168       4.60256410256410220       4.74358974358974361     
  4.88461538461538503       5.02564102564102555       5.16666666666666696     
  5.30769230769230749       5.44871794871794890       5.58974358974358942     
  5.73076923076923084       5.87179487179487136       6.01282051282051277     
  6.15384615384615419       6.29487179487179471       6.43589743589743613     
  6.57692307692307665       6.71794871794871806       6.85897435897435859     
  7.00000000000000000     

  0.000000000000000000E+00 
  .126594E+00  .126098E+00  .125055E+00  .122919E+00  .119142E+00  .113179E+00  .104483E+00  .925058E-01  .767020E-01  .565299E-01
  .345713E-01  .216086E-01  .225701E-01  .320394E-01  .438043E-01  .522978E-01  .564507E-01  .571093E-01  .551256E-01  .512134E-01
  .458343E-01  .394231E-01  .324145E-01  .252433E-01  .183443E-01  .121516E-01  .696146E-02  .274537E-02 -.571562E-03 -.306427E-02
 -.480770E-02 -.587676E-02 -.634638E-02 -.629150E-02 -.578705E-02 -.490795E-02 -.372913E-02 -.232553E-02 -.772070E-03  .856321E-03
  .279434E+01  .267215E+01  .255387E+01  .244339E+01  .234462E+01  .226146E+01  .219782E+01  .215761E+01  .214471E+01  .216303E+01
  .221254E+01  .228258E+01  .235706E+01  .241461E+01  .243343E+01  .239625E+01  .231746E+01  .222492E+01  .214644E+01  .209871E+01
  .207819E+01  .207919E+01  .209600E+01  .212293E+01  .215429E+01  .218437E+01  .220915E+01  .222849E+01  .224280E+01  .225250E+01
  .225802E+01  .225977E+01  .225817E+01  .225364E+01  .224659E+01  .223746E+01  .222664E+01  .221458E+01  .220167E+01  .218834E+01
 -.886725E+00 -.361797E+00  .146052E+00  .619744E+00  .104220E+01  .139634E+01  .166509E+01  .183137E+01  .187810E+01  .178825E+01
  .157515E+01  .133254E+01  .113173E+01  .992727E+00  .931622E+00  .959489E+00  .105250E+01  .117196E+01  .127928E+01  .135076E+01
  .138997E+01  .140333E+01  .139730E+01  .137830E+01  .135278E+01  .132718E+01  .130608E+01  .128974E+01  .127780E+01  .126988E+01
  .126562E+01  .126465E+01  .126661E+01  .127114E+01  .127786E+01  .128641E+01  .129643E+01  .130754E+01  .131939E+01  .133160E+01
  .294587E+00  .294587E+00  .294588E+00  .294588E+00  .294588E+00  .294588E+00  .294588E+00  .294588E+00  .294587E+00  .294587E+00
  .294586E+00  .294588E+00  .294591E+00  .294593E+00  .294588E+00  .294576E+00  .294564E+00  .294567E+00  .294599E+00  .294661E+00
  .294736E+00  .294801E+00  .294835E+00  .294818E+00  .294729E+00  .294546E+00  .294255E+00  .293863E+00  .293377E+00  .292804E+00
  .292153E+00  .291432E+00  .290648E+00  .289809E+00  .288923E+00  .287998E+00  .287042E+00  .286062E+00  .285066E+00  .284063E+00

   10.0000000000000000     
  .108219E+00  .138320E+00  .165291E+00  .186004E+00  .197328E+00  .196136E+00  .179296E+00  .143681E+00  .903862E-01  .427174E-01
  .206120E-01  .156099E-01  .184070E-01  .252263E-01  .327158E-01  .378816E-01  .402274E-01  .403205E-01  .387311E-01  .359322E-01
  .322189E-01  .278674E-01  .231539E-01  .183546E-01  .137459E-01  .960350E-02  .611528E-02  .326205E-02  .994962E-03 -.734827E-03
 -.197616E-02 -.277790E-02 -.318886E-02 -.325792E-02 -.303390E-02 -.256565E-02 -.190203E-02 -.109186E-02 -.184012E-03  .772685E-03
  .261972E+01  .248459E+01  .235663E+01  .224297E+01  .215079E+01  .208722E+01  .205944E+01  .207460E+01  .213356E+01  .220413E+01
  .225744E+01  .230214E+01  .234309E+01  .237066E+01  .237413E+01  .234525E+01  .229289E+01  .223322E+01  .218237E+01  .215002E+01
  .213408E+01  .213120E+01  .213802E+01  .215119E+01  .216736E+01  .218319E+01  .219630E+01  .220657E+01  .221423E+01  .221949E+01
  .222257E+01  .222369E+01  .222307E+01  .222092E+01  .221746E+01  .221292E+01  .220750E+01  .220143E+01  .219493E+01  .218821E+01
  .346965E+00  .266886E+00  .196556E+00  .145726E+00  .124145E+00  .141563E+00  .207729E+00  .332394E+00  .515041E+00  .701172E+00
  .834859E+00  .903958E+00  .918227E+00  .908469E+00  .907103E+00  .941915E+00  .100838E+01  .108822E+01  .116316E+01  .122181E+01
  .126528E+01  .129601E+01  .131647E+01  .132908E+01  .133631E+01  .134061E+01  .134376E+01  .134605E+01  .134756E+01  .134833E+01
  .134846E+01  .134798E+01  .134698E+01  .134552E+01  .134366E+01  .134148E+01  .133903E+01  .133638E+01  .133360E+01  .133076E+01
  .894497E+01  .109728E+02  .127538E+02  .140410E+02  .145875E+02  .141464E+02  .124709E+02  .931395E+01  .483406E+01  .131964E+01
  .493181E+00  .715350E+00  .711727E+00  .529079E+00  .315778E+00  .202268E+00  .193941E+00  .242937E+00  .301378E+00  .338641E+00
  .355596E+00  .356465E+00  .345470E+00  .326833E+00  .304776E+00  .283517E+00  .266047E+00  .252479E+00  .242513E+00  .235849E+00
  .232186E+00  .231224E+00  .232663E+00  .236204E+00  .241545E+00  .248387E+00  .256430E+00  .265373E+00  .274916E+00  .284760E+00

   20.0000000000000000     
  .107719E+00  .122772E+00  .135431E+00  .143300E+00  .143988E+00  .135098E+00  .114237E+00  .790099E-01  .308820E-01 -.840280E-02
 -.214848E-01 -.203816E-01 -.158406E-01 -.981727E-02 -.359086E-02  .168144E-02  .569342E-02  .850125E-02  .101629E-01  .107817E-01
  .105437E-01  .964386E-02  .827696E-02  .663793E-02  .492164E-02  .332275E-02  .197781E-02  .886852E-03  .303334E-04 -.611279E-03
 -.105752E-02 -.132793E-02 -.144205E-02 -.141941E-02 -.127954E-02 -.104199E-02 -.726299E-03 -.351992E-03  .613885E-04  .494306E-03
  .204253E+01  .200015E+01  .196292E+01  .193602E+01  .192459E+01  .193381E+01  .196883E+01  .203482E+01  .213042E+01  .222010E+01
  .227336E+01  .230306E+01  .232092E+01  .232679E+01  .231961E+01  .229899E+01  .226948E+01  .223773E+01  .221034E+01  .219127E+01
  .217963E+01  .217401E+01  .217298E+01  .217514E+01  .217907E+01  .218336E+01  .218699E+01  .218990E+01  .219213E+01  .219374E+01
  .219478E+01  .219532E+01  .219541E+01  .219511E+01  .219447E+01  .219355E+01  .219240E+01  .219108E+01  .218965E+01  .218817E+01
  .154924E+01  .152725E+01  .150794E+01  .149398E+01  .148806E+01  .149284E+01  .151101E+01  .154524E+01  .158312E+01  .153301E+01
  .134536E+01  .115121E+01  .103963E+01  .996553E+00  .100001E+01  .102933E+01  .107291E+01  .112302E+01  .117198E+01  .121482E+01
  .125153E+01  .128263E+01  .130863E+01  .133004E+01  .134738E+01  .136117E+01  .137183E+01  .137963E+01  .138477E+01  .138748E+01
  .138799E+01  .138650E+01  .138325E+01  .137845E+01  .137232E+01  .136509E+01  .135698E+01  .134820E+01  .133898E+01  .132954E+01
  .178640E+01  .205134E+01  .228404E+01  .245221E+01  .252361E+01  .246599E+01  .224707E+01  .183460E+01  .124168E+01  .719732E+00
  .471734E+00  .363749E+00  .282600E+00 0.271667E+00  .271673E+00  .271688E+00  .271703E+00  .271699E+00  .271659E+00  .271581E+00
  .271487E+00  .271405E+00  .271361E+00  .271383E+00  .271496E+00  .271727E+00  .272093E+00  .272588E+00  .273201E+00  .273923E+00
  .274743E+00  .275653E+00  .276641E+00  .277699E+00  .278816E+00  .279982E+00  .281188E+00  .282424E+00  .283679E+00  .284945E+00

   30.0000000000000000     
  .115389E+00  .130330E+00  .140579E+00  .141443E+00  .128230E+00  .962476E-01  .428264E-01 -.124310E-01 -.423786E-01 -.525598E-01
 -.554812E-01 -.534571E-01 -.475867E-01 -.396457E-01 -.314621E-01 -.246624E-01 -.194715E-01 -.155170E-01 -.124257E-01 -.992354E-02
 -.791880E-02 -.633889E-02 -.511127E-02 -.416341E-02 -.342276E-02 -.281686E-02 -.229146E-02 -.183512E-02 -.144251E-02 -.110833E-02
 -.827267E-03 -.594009E-03 -.403245E-03 -.249663E-03 -.127950E-03 -.327960E-04  .411115E-04  .990840E-04  .146433E-03  .188471E-03
  .261085E+01  .246730E+01  .233544E+01  .222698E+01  .215364E+01  .212709E+01  .215578E+01  .221203E+01  .225368E+01  .227978E+01
  .229856E+01  .230663E+01  .230229E+01  .228900E+01  .227063E+01  .225083E+01  .223165E+01  .221448E+01  .220068E+01  .219096E+01
  .218478E+01  .218149E+01  .218043E+01  .218094E+01  .218236E+01  .218404E+01  .218550E+01  .218669E+01  .218765E+01  .218838E+01
  .218891E+01  .218927E+01  .218946E+01  .218951E+01  .218944E+01  .218927E+01  .218902E+01  .218871E+01  .218836E+01  .218798E+01
  .102747E+01  .102286E+01  .101927E+01  .101770E+01  .101917E+01  .102470E+01  .103574E+01  .105874E+01  .110026E+01  .115156E+01
  .120416E+01  .126375E+01  .133157E+01  .139922E+01  .145753E+01  .149841E+01  .152152E+01  .152973E+01  .152595E+01  .151283E+01
  .149246E+01  .146690E+01  .143823E+01  .140848E+01  .137973E+01  .135403E+01  .133278E+01  .131587E+01  .130297E+01  .129375E+01
  .128786E+01  .128498E+01  .128476E+01  .128689E+01  .129102E+01  .129682E+01  .130395E+01  .131209E+01  .132089E+01  .133003E+01
  .745523E+00  .799994E+00  .842487E+00  .861021E+00  .843617E+00  .778296E+00  .656851E+00  .512582E+00  .395768E+00  .311089E+00
  .249383E+00  .204784E+00  .173575E+00  .154336E+00  .145821E+00  .146661E+00  .154618E+00  .167081E+00  .181446E+00  .195899E+00
  .210060E+00  .223704E+00  .236604E+00  .248535E+00  .259272E+00  .268589E+00  .276352E+00  .282643E+00  .287576E+00  .291265E+00
  .293821E+00  .295359E+00  .295991E+00  .295831E+00  .294992E+00  .293587E+00  .291729E+00  .289531E+00  .287107E+00  .284570E+00

   40.0000000000000000     
  .123958E+00  .991060E-01  .738322E-01  .477153E-01  .203338E-01 -.873392E-02 -.393027E-01 -.645090E-01 -.757113E-01 -.766174E-01
 -.733521E-01 -.676272E-01 -.603791E-01 -.524782E-01 -.447897E-01 -.380817E-01 -.324427E-01 -.276719E-01 -.235680E-01 -.199815E-01
 -.168571E-01 -.141499E-01 -.118146E-01 -.980629E-02 -.807974E-02 -.658992E-02 -.530017E-02 -.419357E-02 -.325603E-02 -.247346E-02
 -.183177E-02 -.131688E-02 -.914698E-03 -.611132E-03 -.392096E-03 -.243501E-03 -.151260E-03 -.101284E-03 -.794848E-04 -.717737E-04
  .263363E+01  .252474E+01  .242363E+01  .233806E+01  .227582E+01  .224469E+01  .225032E+01  .227514E+01  .229186E+01  .229749E+01
  .229592E+01  .228794E+01  .227463E+01  .225837E+01  .224159E+01  .222652E+01  .221382E+01  .220347E+01  .219548E+01  .218972E+01
  .218587E+01  .218359E+01  .218254E+01  .218239E+01  .218280E+01  .218341E+01  .218400E+01  .218453E+01  .218500E+01  .218543E+01
  .218581E+01  .218615E+01  .218645E+01  .218672E+01  .218697E+01  .218719E+01  .218740E+01  .218759E+01  .218777E+01  .218795E+01
  .128723E+01  .129619E+01  .130319E+01  .130623E+01  .130337E+01  .129262E+01  .127315E+01  .125654E+01  .125834E+01  .127460E+01
  .129821E+01  .133066E+01  .137059E+01  .141051E+01  .144248E+01  .145967E+01  .146307E+01  .145702E+01  .144588E+01  .143273E+01
  .141837E+01  .140338E+01  .138832E+01  .137375E+01  .136024E+01  .134836E+01  .133847E+01  .133050E+01  .132430E+01  .131971E+01
  .131660E+01  .131481E+01  .131421E+01  .131463E+01  .131594E+01  .131798E+01  .132061E+01  .132368E+01  .132705E+01  .133057E+01
  .277458E+00  .282618E+00  .286643E+00  .288399E+00  .286750E+00  .280563E+00  .268816E+00  .251751E+00  .230972E+00  .211163E+00
  .196148E+00  .184787E+00  .176267E+00  .171428E+00  .171232E+00  .176385E+00  .185775E+00  .197516E+00  .209729E+00  .221152E+00
  .231659E+00  .241244E+00  .249900E+00  .257622E+00  .264402E+00  .270234E+00  .275133E+00  .279159E+00  .282379E+00  .284859E+00
  .286668E+00  .287873E+00  .288540E+00  .288737E+00  .288530E+00  .287988E+00  .287177E+00  .286165E+00  .285018E+00  .283805E+00

   50.0000000000000000     
  .525664E-01  .279837E-01  .412926E-02 -.182684E-01 -.384811E-01 -.557803E-01 -.693546E-01 -.774772E-01 -.785880E-01 -.749770E-01
 -.694934E-01 -.630973E-01 -.563292E-01 -.495750E-01 -.432087E-01 -.375590E-01 -.326364E-01 -.283165E-01 -.244746E-01 -.210195E-01
 -.179221E-01 -.151596E-01 -.127091E-01 -.105480E-01 -.865337E-02 -.700255E-02 -.557461E-02 -.435306E-02 -.332202E-02 -.246562E-02
 -.176797E-02 -.121321E-02 -.785451E-03 -.468824E-03 -.247452E-03 -.105458E-03 -.269683E-04  .389437E-05  .300540E-05 -.137594E-04
  .268653E+01  .259018E+01  .249945E+01  .241997E+01  .235737E+01  .231725E+01  .230375E+01  .230430E+01  .229957E+01  .228870E+01
  .227562E+01  .226089E+01  .224507E+01  .222953E+01  .221571E+01  .220484E+01  .219688E+01  .219121E+01  .218722E+01  .218445E+01
  .218268E+01  .218174E+01  .218144E+01  .218161E+01  .218207E+01  .218263E+01  .218317E+01  .218367E+01  .218414E+01  .218457E+01
  .218498E+01  .218535E+01  .218571E+01  .218605E+01  .218636E+01  .218667E+01  .218696E+01  .218724E+01  .218752E+01  .218779E+01
  .129628E+01  .131370E+01  .132873E+01  .133898E+01  .134206E+01  .133558E+01  .131829E+01  .130161E+01  .130129E+01  .131485E+01
  .133520E+01  .135914E+01  .138356E+01  .140455E+01  .141816E+01  .142115E+01  .141519E+01  .140406E+01  .139152E+01  .138008E+01
  .136991E+01  .136093E+01  .135310E+01  .134632E+01  .134054E+01  .133569E+01  .133170E+01  .132850E+01  .132604E+01  .132426E+01
  .132309E+01  .132247E+01  .132234E+01  .132264E+01  .132331E+01  .132429E+01  .132551E+01  .132692E+01  .132845E+01  .133004E+01
  .646033E-01  .951463E-01  .124268E+00  .150547E+00  .172562E+00  .188892E+00  .198261E+00  .200999E+00  .198709E+00  .194473E+00
  .191101E+00  .189406E+00  .189754E+00  .192350E+00  .197384E+00  .204936E+00  .214291E+00  .224399E+00  .234209E+00  .243040E+00
  .250881E+00  .257791E+00  .263832E+00  .269062E+00  .273542E+00  .277332E+00  .280488E+00  .283056E+00  .285082E+00  .286611E+00
  .287688E+00  .288358E+00  .288666E+00  .288658E+00  .288379E+00  .287874E+00  .287188E+00  .286367E+00  .285455E+00  .284498E+00

   60.0000000000000000     
  .527060E-01  .249410E-01 -.123452E-02 -.242308E-01 -.424708E-01 -.547350E-01 -.603857E-01 -.607797E-01 -.583045E-01 -.543578E-01
 -.498264E-01 -.451121E-01 -.404515E-01 -.359587E-01 -.317382E-01 -.278822E-01 -.243944E-01 -.212414E-01 -.183895E-01 -.158111E-01
 -.134903E-01 -.114121E-01 -.956180E-02 -.792442E-02 -.648513E-02 -.522907E-02 -.414215E-02 -.321206E-02 -.242671E-02 -.177406E-02
 -.124204E-02 -.818592E-03 -.491644E-03 -.249138E-03 -.790086E-04  .308052E-04  .923670E-04  .117740E-03  .118986E-03  .108170E-03
  .268880E+01  .257942E+01  .248086E+01  .240393E+01  .235891E+01  .234022E+01  .232593E+01  .230870E+01  .229055E+01  .227216E+01
  .225397E+01  .223694E+01  .222184E+01  .220903E+01  .219882E+01  .219144E+01  .218654E+01  .218347E+01  .218163E+01  .218055E+01
  .218008E+01  .218011E+01  .218050E+01  .218115E+01  .218194E+01  .218273E+01  .218345E+01  .218410E+01  .218467E+01  .218518E+01
  .218563E+01  .218602E+01  .218637E+01  .218667E+01  .218694E+01  .218718E+01  .218740E+01  .218759E+01  .218778E+01  .218796E+01
  .129589E+01  .132414E+01  .134538E+01  .135261E+01  .133932E+01  .131303E+01  .129566E+01  .129434E+01  .130627E+01  .132695E+01
  .135105E+01  .137234E+01  .138706E+01  .139513E+01  .139678E+01  .139241E+01  .138374E+01  .137305E+01  .136263E+01  .135393E+01
  .134688E+01  .134126E+01  .133687E+01  .133348E+01  .133087E+01  .132883E+01  .132719E+01  .132590E+01  .132494E+01  .132428E+01
  .132390E+01  .132376E+01  .132383E+01  .132410E+01  .132454E+01  .132510E+01  .132578E+01  .132654E+01  .132736E+01  .132820E+01
  .644644E-01  .903641E-01  .115478E+00  .139022E+00  .160183E+00  .177392E+00  .188454E+00  .193625E+00  .194860E+00  .194932E+00
  .196242E+00  .199495E+00  .204783E+00  .211720E+00  .219884E+00  .228837E+00  .238034E+00  .246886E+00  .254803E+00  .261443E+00
  .266907E+00  .271344E+00  .274904E+00  .277736E+00  .279990E+00  .281814E+00  .283323E+00  .284550E+00  .285517E+00  .286245E+00
  .286757E+00  .287074E+00  .287218E+00  .287210E+00  .287071E+00  .286825E+00  .286492E+00  .286093E+00  .285652E+00  .285189E+00

   70.0000000000000000     
  .527124E-01  .236918E-01 -.920553E-05 -.153568E-01 -.240299E-01 -.279058E-01 -.284206E-01 -.269193E-01 -.246104E-01 -.222036E-01
 -.200954E-01 -.182796E-01 -.166822E-01 -.152269E-01 -.138371E-01 -.124469E-01 -.110629E-01 -.972277E-02 -.846402E-02 -.731042E-02
 -.626040E-02 -.530973E-02 -.445415E-02 -.368942E-02 -.301130E-02 -.241555E-02 -.189756E-02 -.145188E-02 -.107296E-02 -.755233E-03
 -.493134E-03 -.281101E-03 -.113572E-03  .150168E-04  .110228E-03  .177624E-03  .222769E-03  .251225E-03  .268556E-03  .280323E-03
  .269549E+01  .256466E+01  .246842E+01  .242048E+01  .239195E+01  .236477E+01  .233890E+01  .231351E+01  .228719E+01  .226162E+01
  .223903E+01  .222058E+01  .220656E+01  .219637E+01  .218933E+01  .218478E+01  .218211E+01  .218081E+01  .218031E+01  .218025E+01
  .218050E+01  .218101E+01  .218169E+01  .218249E+01  .218331E+01  .218410E+01  .218479E+01  .218540E+01  .218592E+01  .218636E+01
  .218674E+01  .218705E+01  .218731E+01  .218752E+01  .218769E+01  .218782E+01  .218793E+01  .218801E+01  .218808E+01  .218814E+01
  .129817E+01  .126138E+01  .125432E+01  .128082E+01  .129265E+01  .127887E+01  .127540E+01  .129180E+01  .131992E+01  .135261E+01
  .138266E+01  .140162E+01  .140615E+01  .140048E+01  .138939E+01  .137730E+01  .136588E+01  .135566E+01  .134713E+01  .134054E+01
  .133568E+01  .133226E+01  .133001E+01  .132865E+01  .132791E+01  .132750E+01  .132724E+01  .132708E+01  .132702E+01  .132705E+01
  .132716E+01  .132734E+01  .132759E+01  .132789E+01  .132825E+01  .132864E+01  .132907E+01  .132952E+01  .132998E+01  .133046E+01
  .644368E-01  .106116E+00  .135848E+00  .149860E+00  .160924E+00  .173640E+00  .181645E+00  .184511E+00  .185681E+00  .187681E+00
  .192228E+00  .199731E+00  .209811E+00  .221280E+00  .232883E+00  .243479E+00  .252709E+00  .260546E+00  .266965E+00  .272012E+00
  .275858E+00  .278692E+00  .280700E+00  .282069E+00  .282985E+00  .283635E+00  .284157E+00  .284576E+00  .284899E+00  .285134E+00
  .285290E+00  .285374E+00  .285394E+00  .285358E+00  .285275E+00  .285152E+00  .284997E+00  .284818E+00  .284623E+00  .284420E+00

   80.0000000000000000     
  .500500E-01  .301432E-01  .158595E-01  .986945E-02  .879136E-02  .100167E-01  .126126E-01  .152296E-01  .164307E-01  .159734E-01
  .141859E-01  .118674E-01  .959183E-02  .749840E-02  .569306E-02  .426497E-02  .318656E-02  .238053E-02  .176962E-02  .129621E-02
  .938577E-03  .678797E-03  .498957E-03  .381146E-03  .307447E-03  .259963E-03  .225434E-03  .201485E-03  .187301E-03  .182069E-03
  .184975E-03  .195205E-03  .211946E-03  .234384E-03  .261704E-03  .293094E-03  .327738E-03  .364824E-03  .403538E-03  .443066E-03
  .257250E+01  .254008E+01  .250447E+01  .246631E+01  .243377E+01  .240676E+01  .237546E+01  .233744E+01  .229598E+01  .225839E+01
  .223063E+01  .221160E+01  .219924E+01  .219185E+01  .218775E+01  .218540E+01  .218410E+01  .218356E+01  .218344E+01  .218355E+01
  .218382E+01  .218420E+01  .218468E+01  .218519E+01  .218571E+01  .218620E+01  .218662E+01  .218699E+01  .218730E+01  .218756E+01
  .218777E+01  .218795E+01  .218808E+01  .218818E+01  .218826E+01  .218831E+01  .218834E+01  .218836E+01  .218837E+01  .218838E+01
  .120133E+01  .119310E+01  .120776E+01  .124355E+01  .124974E+01  .122634E+01  .123327E+01  .128566E+01  .136520E+01  .143430E+01
  .146370E+01  .146293E+01  .144487E+01  .141798E+01  .139040E+01  .136933E+01  .135544E+01  .134668E+01  .134097E+01  .133683E+01
  .133394E+01  .133208E+01  .133103E+01  .133057E+01  .133048E+01  .133056E+01  .133064E+01  .133070E+01  .133074E+01  .133077E+01
  .133078E+01  .133078E+01  .133077E+01  .133076E+01  .133073E+01  .133070E+01  .133066E+01  .133062E+01  .133057E+01  .133053E+01
  .141881E+00  .141500E+00  .142190E+00  .145785E+00  .155429E+00  .166885E+00  .168620E+00  .162194E+00  .156966E+00  .159284E+00
  .171636E+00  .188978E+00  .207005E+00  .224268E+00  .239536E+00  .251742E+00  .260988E+00  .267868E+00  .272978E+00  .276777E+00
  .279482E+00  .281282E+00  .282366E+00  .282923E+00  .283142E+00  .283213E+00  .283272E+00  .283337E+00  .283407E+00  .283482E+00
  .283562E+00  .283646E+00  .283733E+00  .283823E+00  .283916E+00  .284011E+00  .284107E+00  .284205E+00  .284304E+00  .284404E+00

   90.0000000000000000     
  .513207E-01  .387204E-01  .323445E-01  .315113E-01  .349042E-01  .412329E-01  .491494E-01  .553715E-01  .561979E-01  .520297E-01
  .448480E-01  .372258E-01  .307181E-01  .252790E-01  .207396E-01  .169383E-01  .137676E-01  .111423E-01  .897777E-02  .720173E-02
  .576467E-02  .461950E-02  .371911E-02  .301643E-02  .246436E-02  .201586E-02  .163540E-02  .131452E-02  .104865E-02  .833182E-03
  .663551E-03  .535168E-03  .443450E-03  .383814E-03  .351677E-03  .342457E-03  .351568E-03  .374430E-03  .406457E-03  .443068E-03
  .265061E+01  .258009E+01  .253779E+01  .251007E+01  .249307E+01  .247932E+01  .245577E+01  .240690E+01  .232484E+01  .224930E+01
  .221524E+01  .220349E+01  .219662E+01  .219250E+01  .219021E+01  .218888E+01  .218812E+01  .218776E+01  .218761E+01  .218754E+01
  .218754E+01  .218759E+01  .218767E+01  .218778E+01  .218789E+01  .218800E+01  .218810E+01  .218817E+01  .218824E+01  .218829E+01
  .218833E+01  .218837E+01  .218839E+01  .218840E+01  .218841E+01  .218841E+01  .218841E+01  .218840E+01  .218839E+01  .218838E+01
  .121103E+01  .122783E+01  .124026E+01  .122977E+01  .118801E+01  .111846E+01  .104515E+01  .108730E+01  .135687E+01  .162015E+01
  .165725E+01  .158748E+01  .151829E+01  .145971E+01  .141425E+01  .138382E+01  .136595E+01  .135632E+01  .135061E+01  .134591E+01
  .134189E+01  .133849E+01  .133564E+01  .133329E+01  .133136E+01  .132980E+01  .132855E+01  .132759E+01  .132690E+01  .132646E+01
  .132623E+01  .132620E+01  .132636E+01  .132666E+01  .132710E+01  .132765E+01  .132829E+01  .132900E+01  .132975E+01  .133053E+01
  .100709E+00  .114080E+00  .129251E+00  .140895E+00  .157763E+00  .177317E+00  .183181E+00  .168011E+00  .135878E+00  .118944E+00
  .140368E+00  .174952E+00  .203063E+00  .224516E+00  .240621E+00  .252637E+00  .261475E+00  .267891E+00  .272642E+00  .276282E+00
  .278999E+00  .280943E+00  .282261E+00  .283103E+00  .283618E+00  .283954E+00  .284221E+00  .284435E+00  .284602E+00  .284724E+00
  .284806E+00  .284852E+00  .284866E+00  .284852E+00  .284814E+00  .284756E+00  .284682E+00  .284596E+00  .284502E+00  .284404E+00

   100.000000000000000     
  .572530E-01  .436313E-01  .354678E-01  .352575E-01  .395047E-01  .478989E-01  .635944E-01  .792408E-01  .830576E-01  .748713E-01
  .595097E-01  .448365E-01  .352212E-01  .293010E-01  .252717E-01  .215176E-01  .177343E-01  .141765E-01  .110994E-01  .864489E-02
  .674809E-02  .532195E-02  .427946E-02  .353359E-02  .299734E-02  .258379E-02  .222859E-02  .192053E-02  .165597E-02  .143128E-02
  .124285E-02  .108704E-02  .960241E-03  .858815E-03  .779140E-03  .717592E-03  .670545E-03  .634373E-03  .605452E-03  .580156E-03
  .268264E+01  .261033E+01  .255934E+01  .253551E+01  .251412E+01  .250852E+01  .256521E+01  .257725E+01  .240127E+01  .220881E+01
  .217389E+01  .220107E+01  .220941E+01  .220280E+01  .219164E+01  .218514E+01  .218429E+01  .218654E+01  .218938E+01  .219119E+01
  .219198E+01  .219198E+01  .219140E+01  .219044E+01  .218932E+01  .218825E+01  .218737E+01  .218670E+01  .218621E+01  .218589E+01
  .218573E+01  .218571E+01  .218581E+01  .218602E+01  .218632E+01  .218670E+01  .218714E+01  .218763E+01  .218815E+01  .218868E+01
  .112222E+01  .110646E+01  .112741E+01  .119219E+01  .124559E+01  .119284E+01  .931978E+00  .675991E+00  .750292E+00  .104184E+01
  .133132E+01  .150329E+01  .152486E+01  .145687E+01  .136736E+01  .131641E+01  .130850E+01  .132439E+01  .134487E+01  .135759E+01
  .136279E+01  .136207E+01  .135700E+01  .134916E+01  .134015E+01  .133155E+01  .132447E+01  .131894E+01  .131486E+01  .131210E+01
  .131054E+01  .131006E+01  .131054E+01  .131186E+01  .131390E+01  .131653E+01  .131965E+01  .132313E+01  .132685E+01  .133069E+01
  .109743E+00  .139602E+00  .151919E+00  .143368E+00  .139551E+00  .156210E+00  .192180E+00  .226637E+00  .234306E+00  .227749E+00
  .225904E+00  .231410E+00  .242763E+00  .256371E+00  .268485E+00  .275862E+00  .278811E+00  .279149E+00  .278694E+00  .278630E+00
  .278978E+00  .279640E+00  .280515E+00  .281503E+00  .282504E+00  .283418E+00  .284176E+00  .284780E+00  .285240E+00  .285570E+00
  .285781E+00  .285885E+00  .285893E+00  .285819E+00  .285673E+00  .285467E+00  .285214E+00  .284926E+00  .284613E+00  .284289E+00

   110.000000000000000     
  .080030E+00  .667488E-01  .281330E-01  .207640E-01  .246823E-01  .290374E-01  .368228E-01  .467491E-01  .543024E-01  .544103E-01
  .453448E-01  .346881E-01  .274819E-01  .229144E-01  .197236E-01  .167785E-01  .138609E-01  .111418E-01  .879264E-02  .690701E-02
  .543651E-02  .431757E-02  .348666E-02  .288020E-02  .243466E-02  .208654E-02  .178871E-02  .153246E-02  .131459E-02  .113190E-02
  .981204E-03  .859290E-03  .762965E-03  .689029E-03  .634284E-03  .595532E-03  .569574E-03  .553211E-03  .543245E-03  .536478E-03
  .268802E+01  .262325E+01  .255399E+01  .252067E+01  .250297E+01  .248907E+01  .247856E+01  .244377E+01  .235463E+01  .225936E+01
  .220803E+01  .218699E+01  .217962E+01  .218021E+01  .218386E+01  .218623E+01  .218665E+01  .218600E+01  .218521E+01  .218483E+01
  .218486E+01  .218519E+01  .218574E+01  .218642E+01  .218714E+01  .218781E+01  .218837E+01  .218882E+01  .218917E+01  .218942E+01
  .218959E+01  .218968E+01  .218970E+01  .218967E+01  .218958E+01  .218945E+01  .218928E+01  .218909E+01  .218888E+01  .218867E+01
  .113866E+01  .113581E+01  .114087E+01  .115121E+01  .114206E+01  .107884E+01  .935299E+00  .864235E+00  .105041E+01  .126347E+01
  .127522E+01  .122654E+01  .122919E+01  .126550E+01  .130788E+01  .133203E+01  .133673E+01  .133059E+01  .132224E+01  .131719E+01
  .131537E+01  .131607E+01  .131862E+01  .132232E+01  .132647E+01  .133040E+01  .133361E+01  .133610E+01  .133791E+01  .133911E+01
  .133975E+01  .133988E+01  .133957E+01  .133887E+01  .133782E+01  .133650E+01  .133496E+01  .133325E+01  .133142E+01  .132954E+01
  .138294E+00  .136212E+00  .139933E+00  .151089E+00  .163191E+00  .183136E+00  .227891E+00  .246992E+00  .181192E+00  .146865E+00
  .237879E+00  .334958E+00  .357813E+00  .332662E+00  .293916E+00  .272027E+00  .269835E+00  .278424E+00  .288864E+00  .295443E+00
  .298312E+00  .298249E+00  .296030E+00  .292431E+00  .288231E+00  .284204E+00  .280900E+00  .278338E+00  .276462E+00  .275214E+00
  .274537E+00  .274374E+00  .274668E+00  .275361E+00  .276397E+00  .277719E+00  .279269E+00  .280991E+00  .282826E+00  .284719E+00

   120.000000000000000     
  .132173E+00  .803963E-01  .402286E-01  .176607E-01  .715114E-02  .419899E-02  .702645E-02  .132433E-01  .199262E-01  .238247E-01
  .231276E-01  .201336E-01  .167756E-01  .134867E-01  .105846E-01  .834178E-02  .671497E-02  .552651E-02  .459877E-02  .380901E-02
  .313459E-02  .256353E-02  .208385E-02  .168359E-02  .135075E-02  .107338E-02  .841871E-03  .652211E-03  .501180E-03  .385559E-03
  .302130E-03  .247671E-03  .218966E-03  .212794E-03  .225937E-03  .255175E-03  .297290E-03  .349061E-03  .407271E-03  .468700E-03
  .255425E+01  .256359E+01  .254692E+01  .250041E+01  .246483E+01  .245255E+01  .243845E+01  .240564E+01  .234847E+01  .228705E+01
  .224197E+01  .221255E+01  .219497E+01  .218594E+01  .218222E+01  .218085E+01  .218062E+01  .218111E+01  .218189E+01  .218267E+01
  .218341E+01  .218412E+01  .218478E+01  .218539E+01  .218595E+01  .218644E+01  .218687E+01  .218723E+01  .218754E+01  .218780E+01
  .218801E+01  .218818E+01  .218831E+01  .218841E+01  .218847E+01  .218852E+01  .218854E+01  .218855E+01  .218856E+01  .218855E+01
  .124543E+01  .124454E+01  .124611E+01  .124811E+01  .123928E+01  .120745E+01  .115103E+01  .118202E+01  .140507E+01  .151713E+01
  .129194E+01  .106252E+01  .104596E+01  .116035E+01  .130077E+01  .137488E+01  .137807E+01  .134309E+01  .130270E+01  .127778E+01
  .126756E+01  .126893E+01  .127880E+01  .129408E+01  .131167E+01  .132848E+01  .134233E+01  .135314E+01  .136114E+01  .136658E+01
  .136968E+01  .137067E+01  .136980E+01  .136729E+01  .136338E+01  .135830E+01  .135228E+01  .134557E+01  .133838E+01  .133097E+01
  .138451E+00  .138873E+00  .138128E+00  .137176E+00  .141211E+00  .151228E+00  .161531E+00  .151299E+00  .107983E+00  .110697E+00
  .210849E+00  .306565E+00  .333047E+00  .315054E+00  .284235E+00  .268577E+00  .270527E+00  .281658E+00  .293532E+00  .300806E+00
  .303784E+00  .303369E+00  .300466E+00  .295978E+00  .290808E+00  .285861E+00  .281775E+00  .278572E+00  .276183E+00  .274540E+00
  .273576E+00  .273223E+00  .273413E+00  .274078E+00  .275150E+00  .276561E+00  .278244E+00  .280131E+00  .282153E+00  .284243E+00

   130.000000000000000     
  .127841E+00  .136651E+00  .114906E+00  .576479E-01  .116504E-01 -.416149E-02 -.838742E-02 -.831179E-02 -.361892E-02  .250095E-02
  .670157E-02  .840901E-02  .793580E-02  .620861E-02  .420132E-02  .277604E-02  .201563E-02  .167107E-02  .149297E-02  .131662E-02
  .113182E-02  .944819E-03  .761854E-03  .589174E-03  .433024E-03  .299641E-03  .193036E-03  .111991E-03  .545419E-04  .187210E-04
  .256237E-05  .409988E-05  .213673E-04  .523983E-04  .952267E-04  .147886E-03  .208411E-03  .274834E-03  .345190E-03  .417512E-03
  .272820E+01  .256047E+01  .244990E+01  .241889E+01  .241891E+01  .241846E+01  .241482E+01  .240256E+01  .237473E+01  .233045E+01
  .227577E+01  .222969E+01  .220266E+01  .218978E+01  .218496E+01  .218267E+01  .218117E+01  .218033E+01  .218003E+01  .218017E+01
  .218066E+01  .218141E+01  .218235E+01  .218338E+01  .218441E+01  .218537E+01  .218620E+01  .218689E+01  .218745E+01  .218791E+01
  .218825E+01  .218851E+01  .218868E+01  .218878E+01  .218882E+01  .218881E+01  .218875E+01  .218867E+01  .218856E+01  .218844E+01
  .106009E+01  .102934E+01  .108416E+01  .122658E+01  .129083E+01  .123437E+01  .117239E+01  .117257E+01  .125890E+01  .140802E+01
  .156702E+01  .164622E+01  .160985E+01  .150826E+01  .139843E+01  .133047E+01  .130679E+01  .130945E+01  .132052E+01  .132824E+01
  .133220E+01  .133317E+01  .133193E+01  .132926E+01  .132592E+01  .132271E+01  .132016E+01  .131831E+01  .131709E+01  .131646E+01
  .131636E+01  .131674E+01  .131754E+01  .131872E+01  .132021E+01  .132198E+01  .132395E+01  .132608E+01  .132833E+01  .133062E+01
  .149110E+00  .149701E+00  .148657E+00  .147325E+00  .152916E+00  .165113E+00  .174185E+00  .169082E+00  .143193E+00  .115895E+00
  .108314E+00  .123385E+00  .156824E+00  .198308E+00  .237047E+00  .263615E+00  .278077E+00  .284542E+00  .287121E+00  .288607E+00
  .289392E+00  .289611E+00  .289402E+00  .288900E+00  .288240E+00  .287560E+00  .286955E+00  .286433E+00  .285987E+00  .285612E+00
  .285300E+00  .285045E+00  .284841E+00  .284682E+00  .284561E+00  .284471E+00  .284407E+00  .284363E+00  .284330E+00  .284305E+00

   140.000000000000000     
  .125685E+00  .104065E+00  .826679E-01  .617181E-01  .414390E-01  .220541E-01  .412119E-02 -.812173E-02 -.981380E-02 -.477520E-02
  .133719E-02  .562010E-02  .702117E-02  .649022E-02  .513102E-02  .393563E-02  .311703E-02  .255637E-02  .213401E-02  .176879E-02
  .144986E-02  .117385E-02  .937383E-03  .737079E-03  .569564E-03  .431466E-03  .319815E-03  .232596E-03  .167929E-03  .123935E-03
  .987341E-04  .904479E-04  .971965E-04  .117101E-03  .148281E-03  .188858E-03  .236953E-03  .290685E-03  .348176E-03  .407547E-03
  .265597E+01  .256843E+01  .248767E+01  .242046E+01  .237360E+01  .235384E+01  .236577E+01  .238951E+01  .239441E+01  .237231E+01
  .232787E+01  .227998E+01  .224136E+01  .221254E+01  .219316E+01  .218259E+01  .217879E+01  .217910E+01  .218084E+01  .218226E+01
  .218326E+01  .218392E+01  .218432E+01  .218453E+01  .218464E+01  .218472E+01  .218484E+01  .218498E+01  .218516E+01  .218537E+01
  .218560E+01  .218586E+01  .218614E+01  .218643E+01  .218674E+01  .218707E+01  .218740E+01  .218775E+01  .218809E+01  .218845E+01
  .118922E+01  .119438E+01  .119840E+01  .120016E+01  .119851E+01  .119232E+01  .118151E+01  .117752E+01  .120079E+01  .128160E+01
  .142186E+01  .154000E+01  .158660E+01  .157811E+01  .153604E+01  .148058E+01  .142269E+01  .136934E+01  .132750E+01  .130092E+01
  .128753E+01  .128466E+01  .128963E+01  .129975E+01  .131233E+01  .132471E+01  .133498E+01  .134304E+01  .134906E+01  .135322E+01
  .135568E+01  .135662E+01  .135620E+01  .135459E+01  .135196E+01  .134848E+01  .134433E+01  .133966E+01  .133466E+01  .132949E+01
  .229910E+00  .238767E+00  .245676E+00  .248690E+00  .245860E+00  .235239E+00  .215280E+00  .188849E+00  .160955E+00  .133546E+00
  .110700E+00  .104733E+00  .120483E+00  .150112E+00  .184806E+00  .216553E+00  .242910E+00  .263812E+00  .279203E+00  .289337E+00
  .295027E+00  .297149E+00  .296578E+00  .294186E+00  .290850E+00  .287442E+00  .284587E+00  .282324E+00  .280606E+00  .279389E+00
  .278626E+00  .278273E+00  .278283E+00  .278612E+00  .279214E+00  .280043E+00  .281054E+00  .282202E+00  .283441E+00  .284725E+00

   150.000000000000000     
  .121683E+00  .125963E+00  .127530E+00  .123671E+00  .111673E+00  .888210E-01  .537468E-01  .198676E-01  .538763E-02  .563740E-02
  .104166E-01  .149330E-01  .170696E-01  .172630E-01  .161465E-01  .143204E-01  .121563E-01  .992799E-02  .790805E-02  .626186E-02
  .495938E-02  .394975E-02  .318214E-02  .260567E-02  .216951E-02  .182285E-02  .152776E-02  .127653E-02  .106578E-02  .892146E-03
  .752251E-03  .642720E-03  .560180E-03  .501257E-03  .462577E-03  .440766E-03  .432450E-03  .434256E-03  .442810E-03  .454737E-03
  .263537E+01  .251629E+01  .240773E+01  .232021E+01  .226426E+01  .225039E+01  .228604E+01  .234455E+01  .238446E+01  .239694E+01
  .238440E+01  .235038E+01  .230177E+01  .224999E+01  .220679E+01  .218223E+01  .217447E+01  .217662E+01  .218177E+01  .218541E+01
  .218742E+01  .218812E+01  .218785E+01  .218694E+01  .218573E+01  .218453E+01  .218360E+01  .218293E+01  .218252E+01  .218233E+01
  .218235E+01  .218256E+01  .218293E+01  .218345E+01  .218410E+01  .218484E+01  .218568E+01  .218657E+01  .218751E+01  .218846E+01
  .855323E+00  .819377E+00  .791336E+00  .779105E+00  .790590E+00  .833696E+00  .912097E+00  .982913E+00  .100214E+01  .107105E+01
  .126063E+01  .143483E+01  .150555E+01  .150262E+01  .146493E+01  .142763E+01  .139971E+01  .137901E+01  .136337E+01  .135117E+01
  .134187E+01  .133502E+01  .133019E+01  .132695E+01  .132484E+01  .132344E+01  .132241E+01  .132170E+01  .132129E+01  .132114E+01
  .132124E+01  .132155E+01  .132206E+01  .132274E+01  .132357E+01  .132452E+01  .132557E+01  .132668E+01  .132785E+01  .132904E+01
  .704744E+00  .787197E+00  .851517E+00  .879572E+00  .853228E+00  .754353E+00  .572404E+00  .380391E+00  .275800E+00  .213389E+00
  .137569E+00  .901538E-01  .968016E-01  .136874E+00  .186173E+00  .223179E+00  .245074E+00  .256996E+00  .264099E+00  .269861E+00
  .274701E+00  .278715E+00  .281996E+00  .284641E+00  .286743E+00  .288397E+00  .289679E+00  .290622E+00  .291251E+00  .291593E+00
  .291674E+00  .291520E+00  .291157E+00  .290611E+00  .289908E+00  .289075E+00  .288137E+00  .287121E+00  .286052E+00  .284958E+00

   160.000000000000000     
  .113575E+00  .152041E+00  .184245E+00  .203924E+00  .204817E+00  .180662E+00  .127692E+00  .696215E-01  .397230E-01  .322664E-01
  .323419E-01  .349106E-01  .375188E-01  .390793E-01  .386100E-01  .353370E-01  .299393E-01  .237147E-01  .179581E-01  .134706E-01
  .101519E-01  .780565E-02  .623575E-02  .524593E-02  .463998E-02  .422185E-02  .384820E-02  .349937E-02  .317346E-02  .286856E-02
  .258275E-02  .231413E-02  .206078E-02  .182081E-02  .159229E-02  .137332E-02  .116199E-02  .956386E-03  .754604E-03  .554731E-03
  .261912E+01  .247098E+01  .233624E+01  .222831E+01  .216060E+01  .214651E+01  .219574E+01  .227722E+01  .234324E+01  .239122E+01
  .242389E+01  .241889E+01  .236990E+01  .229965E+01  .223307E+01  .219193E+01  .217586E+01  .217503E+01  .217964E+01  .218321E+01
  .218537E+01  .218640E+01  .218657E+01  .218616E+01  .218545E+01  .218472E+01  .218415E+01  .218378E+01  .218357E+01  .218352E+01
  .218362E+01  .218384E+01  .218418E+01  .218461E+01  .218513E+01  .218573E+01  .218638E+01  .218707E+01  .218779E+01  .218852E+01
  .625156E+00  .575322E+00  .536447E+00  .519491E+00  .535413E+00  .595173E+00  .704530E+00  .812014E+00  .855837E+00  .905862E+00
  .102001E+01  .110969E+01  .112475E+01  .110490E+01  .109678E+01  .114004E+01  .122566E+01  .132388E+01  .140499E+01  .145132E+01
  .146711E+01  .145894E+01  .143339E+01  .139705E+01  .135649E+01  .131830E+01  .128711E+01  .126302E+01  .124550E+01  .123400E+01
  .122796E+01  .122685E+01  .123011E+01  .123719E+01  .124756E+01  .126066E+01  .127595E+01  .129288E+01  .131090E+01  .132947E+01
  .217730E+01  .252742E+01  .280054E+01  .291967E+01  .280781E+01  .238795E+01  .161756E+01  .833330E+00  .484056E+00  .376055E+00
  .234430E+00  .131772E+00  .128212E+00  .183548E+00  .249864E+00  .285035E+00  .287351E+00  .272310E+00  .255418E+00  .246494E+00
  .244988E+00  .249242E+00  .257602E+00  .268411E+00  .280013E+00  .290755E+00  .299474E+00  .306160E+00  .310970E+00  .314060E+00
  .315587E+00  .315707E+00  .314576E+00  .312351E+00  .309187E+00  .305242E+00  .300672E+00  .295632E+00  .290280E+00  .284772E+00

   170.000000000000000     
  .117768E+00  .130809E+00  .142200E+00  .150292E+00  .153435E+00  .149981E+00  .138278E+00  .116678E+00  .862068E-01  .619517E-01
  .558372E-01  .590837E-01  .634539E-01  .664009E-01  .658153E-01  .600061E-01  .502018E-01  .388741E-01  .284893E-01  .205669E-01
  .148979E-01  .110894E-01  .874862E-02  .748253E-02  .689825E-02  .660329E-02  .631227E-02  .599141E-02  .564300E-02  .526934E-02
  .487273E-02  .445546E-02  .401982E-02  .356812E-02  .310265E-02  .262569E-02  .213956E-02  .164654E-02  .114893E-02  .649024E-03
  .262793E+01  .251900E+01  .241663E+01  .232738E+01  .225781E+01  .221449E+01  .220397E+01  .223282E+01  .230089E+01  .237287E+01
  .241110E+01  .240294E+01  .235273E+01  .228327E+01  .221879E+01  .218035E+01  .216715E+01  .216908E+01  .217598E+01  .218123E+01
  .218452E+01  .218622E+01  .218672E+01  .218638E+01  .218559E+01  .218473E+01  .218405E+01  .218359E+01  .218332E+01  .218323E+01
  .218330E+01  .218352E+01  .218387E+01  .218433E+01  .218489E+01  .218553E+01  .218624E+01  .218699E+01  .218778E+01  .218858E+01
  .606096E+00  .565448E+00  .529749E+00  .503948E+00  .492993E+00  .501835E+00  .535420E+00  .598700E+00  .695183E+00  .820785E+00
  .953898E+00  .103366E+01  .103877E+01  .101407E+01  .100944E+01  .106700E+01  .117451E+01  .129660E+01  .139794E+01  .145752E+01
  .148038E+01  .147435E+01  .144725E+01  .140691E+01  .136115E+01  .131779E+01  .128236E+01  .125500E+01  .123510E+01  .122203E+01
  .121518E+01  .121391E+01  .121762E+01  .122568E+01  .123746E+01  .125235E+01  .126972E+01  .128896E+01  .130944E+01  .133054E+01
  .192196E+01  .226117E+01  .255908E+01  .277439E+01  .286581E+01  .279203E+01  .251175E+01  .198368E+01  .122731E+01  .581668E+00
  .320310E+00  .263600E+00  .251477E+00  .259488E+00  .273611E+00  .281439E+00  .281835E+00  .278461E+00  .274982E+00  .273692E+00
  .274384E+00  .276582E+00  .279812E+00  .283600E+00  .287470E+00  .290948E+00  .293705E+00  .295746E+00  .297126E+00  .297901E+00
  .298126E+00  .297856E+00  .297145E+00  .296049E+00  .294623E+00  .292922E+00  .291001E+00  .288914E+00  .286718E+00  .284466E+00

   180.000000000000000     
  .126560E+00  .138270E+00  .148422E+00  .155459E+00  .157825E+00  .153961E+00  .142310E+00  .121315E+00  .917613E-01  .667475E-01
  .576783E-01  .606427E-01  .695662E-01  .789046E-01  .831543E-01  .777308E-01  .644570E-01  .478847E-01  .325579E-01  .212896E-01
  .137333E-01  .920609E-02  .702530E-02  .650810E-02  .697172E-02  .773406E-02  .830313E-02  .863330E-02  .874294E-02  .865044E-02
  .837417E-02  .793251E-02  .734383E-02  .662652E-02  .579894E-02  .487948E-02  .388651E-02  .283841E-02  .175355E-02  .650321E-03
  .279425E+01  .263425E+01  .248310E+01  .234967E+01  .224280E+01  .217137E+01  .214422E+01  .217022E+01  .225215E+01  .236091E+01
  .245299E+01  .247521E+01  .241271E+01  .230793E+01  .220772E+01  .215289E+01  .214223E+01  .215660E+01  .217689E+01  .219075E+01
  .219815E+01  .220040E+01  .219881E+01  .219468E+01  .218931E+01  .218400E+01  .217968E+01  .217639E+01  .217406E+01  .217260E+01
  .217194E+01  .217200E+01  .217269E+01  .217394E+01  .217567E+01  .217780E+01  .218024E+01  .218293E+01  .218577E+01  .218869E+01
 -.891578E+00 -.136874E+00  .574829E+00  .120053E+01  .169722E+01  .202191E+01  .213159E+01  .198327E+01  .158252E+01  .119033E+01
  .102015E+01  .936322E+00  .839369E+00  .764579E+00  .757594E+00  .854906E+00  .102916E+01  .122584E+01  .139051E+01  .149074E+01
  .153417E+01  .153273E+01  .149833E+01  .144288E+01  .137831E+01  .131650E+01  .126591E+01  .122680E+01  .119831E+01  .117953E+01
  .116960E+01  .116762E+01  .117272E+01  .118400E+01  .120058E+01  .122159E+01  .124613E+01  .127332E+01  .130228E+01  .133213E+01
  .292240E+00  .292240E+00  .292240E+00  .292241E+00  .292241E+00  .292241E+00  .292240E+00  .292240E+00  .292240E+00  .292240E+00
  .292241E+00  .292238E+00  .292230E+00  .292227E+00  .292236E+00  .292264E+00  .292291E+00  .292284E+00  .292212E+00  .292059E+00
  .291833E+00  .291545E+00  .291206E+00  .290827E+00  .290420E+00  .289995E+00  .289561E+00  .289119E+00  .288671E+00  .288216E+00
  .287755E+00  .287289E+00  .286819E+00  .286344E+00  .285866E+00  .285385E+00  .284901E+00  .284416E+00  .283930E+00  .283443E+00


    2.00   7.00    .00 -.19332 -.19332 -.19353 -.19353 -.19332 -.19332
    2.20   7.00    .00 -.21633 -.21633 -.21658 -.21658 -.21633 -.21633
    2.40   7.00    .00 -.19926 -.19926 -.19954 -.19954 -.19926 -.19926
    2.60   7.00    .00 -.16581 -.16581 -.16612 -.16612 -.16581 -.16581
    2.00   5.00    .00 -.18263 -.18263 -.18674 -.18674 -.18263 -.18263
    2.20   5.00    .00 -.20387 -.20387 -.20856 -.20856 -.20387 -.20387
    2.40   5.00    .00 -.18500 -.18500 -.19042 -.19042 -.18500 -.18500
    2.60   5.00    .00 -.14991 -.14991 -.15616 -.15616 -.14991 -.14991
    2.00   4.00    .00 -.14626 -.14626 -.15984 -.15984 -.14626 -.14626
    2.20   4.00    .00 -.16251 -.16251 -.17813 -.17813 -.16251 -.16251
    2.40   4.00    .00 -.13958 -.13958 -.15791 -.15791 -.13958 -.13958
    2.60   4.00    .00 -.11039 -.11039 -.14640 -.14640 -.11039 -.11039
    2.00   3.50    .00 -.10201 -.10201 -.12283 -.12283 -.10201 -.10201
    2.20   3.50    .00 -.15465 -.15465 -.19054 -.19054 -.15465 -.15465
    2.40   3.50    .00 -.17258 -.17258 -.20766 -.20766 -.17258 -.17258
    2.60   3.50    .00 -.16486 -.16486 -.19877 -.19877 -.16486 -.16486
    2.00   3.00    .00 -.13687 -.13687 -.17179 -.17179 -.13687 -.13687
    2.20   3.00    .00 -.18904 -.18904 -.22377 -.22377 -.18904 -.18904
    2.40   3.00    .00 -.18516 -.18516 -.21895 -.21895 -.18516 -.18516
    2.60   3.00    .00 -.14739 -.14739 -.17988 -.17988 -.14739 -.14739
    2.00   2.75    .00 -.12723 -.12723 -.16197 -.16197 -.12723 -.12723
    2.20   2.75    .00 -.15643 -.15643 -.19090 -.19090 -.15643 -.15643
    2.40   2.75    .00 -.12062 -.12062 -.15408 -.15408 -.12062 -.12062
  2.0 7.00 10.0  -130.17356 -0.19341 -130.17364 -0.19350 -130.17345 -0.19329 
  2.2 7.00 10.0  -130.19569 -0.21641 -130.19582 -0.21655 -130.19560 -0.21631 
  2.4 7.00 10.0  -130.17778 -0.19930 -130.17795 -0.19948 -130.17770 -0.19921 
  2.6 7.00 10.0  -130.14365 -0.16579 -130.14384 -0.16599 -130.14356 -0.16569 
  2.0 5.00 10.0  -130.16518 -0.18546 -130.16679 -0.18716 -130.16296 -0.18317 
  2.2 5.00 10.0  -130.18560 -0.20678 -130.18783 -0.20915 -130.18347 -0.20462 
  2.4 5.00 10.0  -130.16626 -0.18833 -130.16893 -0.19117 -130.16395 -0.18600 
  2.6 5.00 10.0  -130.13109 -0.15388 -130.13400 -0.15705 -130.12839 -0.15117 
  2.0 4.00 10.0  -130.13805 -0.15947 -130.14225 -0.16399 -130.12870 -0.15019 
  2.2 4.00 10.0  -130.15691 -0.17942 -130.16197 -0.18529 -130.14603 -0.16902 
  2.4 4.00 10.0  -130.13993 -0.16400 -130.14550 -0.17105 -130.12617 -0.15126 
  2.6 4.00 10.0  -130.11536 -0.14006 -130.12354 -0.15235 -130.09817 -0.12694 
  2.0 3.50 10.0  -130.11545 -0.13794 -130.12216 -0.14698 -130.09600 -0.12036 
  2.2 3.50 10.0  -130.15216 -0.17579 -130.17451 -0.20248 -130.13724 -0.16720 
  2.4 3.50 10.0  -130.15932 -0.18338 -130.18661 -0.21469 -130.14492 -0.17902 
  2.6 3.50 10.0  -130.14866 -0.17310 -130.17663 -0.20476 -130.13061 -0.16603 
  2.0 3.00 10.0  -130.12494 -0.14762 -130.15598 -0.18103 -130.12079 -0.14585 
  2.2 3.00 10.0  -130.17387 -0.19708 -130.20723 -0.23251 -130.17231 -0.19731 
  2.4 3.00 10.0  -130.17146 -0.19513 -130.20455 -0.23002 -130.17065 -0.19586 
  2.6 3.00 10.0  -130.13913 -0.16307 -130.17039 -0.19602 -130.13695 -0.16283 
  2.0 3.50 10.0  -130.11545 -0.13794 -130.12216 -0.14698 -130.09600 -0.12036 
  2.2 3.50 10.0  -130.15216 -0.17579 -130.17451 -0.20248 -130.13724 -0.16720 
  2.4 3.50 10.0  -130.15932 -0.18338 -130.18661 -0.21469 -130.14492 -0.17902 
  2.6 3.50 10.0  -130.14866 -0.17310 -130.17663 -0.20476 -130.13061 -0.16603 
  2.0 3.00 10.0  -130.12494 -0.14762 -130.15598 -0.18103 -130.12079 -0.14585 
  2.2 3.00 10.0  -130.17387 -0.19708 -130.20723 -0.23251 -130.17231 -0.19731 
  2.4 3.00 10.0  -130.17146 -0.19513 -130.20455 -0.23002 -130.17065 -0.19586 
  2.6 3.00 10.0  -130.13913 -0.16307 -130.17039 -0.19602 -130.13695 -0.16283 
  2.0 2.75 10.0  -130.11489 -0.13734 -130.14925 -0.17322 -130.11390 -0.13778 
  2.2 2.75 10.0  -130.14668 -0.16966 -130.18173 -0.20595 -130.14680 -0.17077 
  2.4 2.75 10.0  -130.11865 -0.14191 -130.15239 -0.17684 -130.11853 -0.14281 
  2.6 2.75 10.0  -130.05257 -0.07494 -130.08189 -0.10657 -130.04855 -0.07345 
  2.0 2.50 10.0  -130.04939 -0.07105 -130.08457 -0.10761 -130.04902 -0.07199 
  2.2 2.50 10.0  -130.04090 -0.06258 -130.07501 -0.09834 -130.03993 -0.06306 
  2.4 2.50 10.0  -129.95651  0.02187 -129.98800 -0.01163 -129.95398  0.02248 
  2.6 2.50 10.0  -129.81115  0.16729 -129.83901  0.13705 -129.80559  0.17031 
  2.0 7.00 20.0  -130.17388 -0.19374 -130.17366 -0.19352 -130.17349 -0.19334 
  2.2 7.00 20.0  -130.19596 -0.21669 -130.19585 -0.21657 -130.19566 -0.21637 
  2.4 7.00 20.0  -130.17806 -0.19959 -130.17799 -0.19952 -130.17778 -0.19929 
  2.6 7.00 20.0  -130.14396 -0.16610 -130.14390 -0.16604 -130.14366 -0.16580 
  2.0 5.00 20.0  -130.17168 -0.19209 -130.16795 -0.18830 -130.16448 -0.18468 
  2.2 5.00 20.0  -130.19227 -0.21352 -130.18935 -0.21067 -130.18549 -0.20664 
  2.4 5.00 20.0  -130.17374 -0.19585 -130.17085 -0.19310 -130.16659 -0.18864 
  2.6 5.00 20.0  -130.13982 -0.16265 -130.13632 -0.15938 -130.13179 -0.15457 
  2.0 4.00 20.0  -130.16361 -0.18505 -130.15017 -0.17239 -130.13707 -0.15886 
  2.2 4.00 20.0  -130.18574 -0.20817 -130.17342 -0.19759 -130.15799 -0.18155 
  2.4 4.00 20.0  -130.17271 -0.19632 -130.16136 -0.18795 -130.14277 -0.16868 
  2.6 4.00 20.0  -130.14878 -0.17307 -130.14011 -0.16920 -130.11738 -0.14560 
  2.0 3.50 20.0  -130.15947 -0.18155 -130.14536 -0.17081 -130.11873 -0.14409 
  2.2 3.50 20.0  -130.19295 -0.21617 -130.18960 -0.21723 -130.15639 -0.18557 
  2.4 3.50 20.0  -130.19350 -0.21724 -130.19674 -0.22509 -130.15840 -0.19095 
  2.6 3.50 20.0  -130.17943 -0.20351 -130.18494 -0.21344 -130.14456 -0.17710 
  2.0 3.00 20.0  -130.16652 -0.18891 -130.17167 -0.19660 -130.13580 -0.16146 
  2.2 3.00 20.0  -130.21154 -0.23439 -130.22258 -0.24784 -130.18677 -0.21229 
  2.4 3.00 20.0  -130.21192 -0.23522 -130.22457 -0.25011 -130.19000 -0.21561 
  2.6 3.00 20.0  -130.18866 -0.21230 -130.20022 -0.22602 -130.16605 -0.19236 
  2.0 2.75 20.0  -130.15999 -0.18209 -130.17088 -0.19476 -130.13412 -0.15829 
  2.2 2.75 20.0  -130.19749 -0.22010 -130.21140 -0.23559 -130.17517 -0.19942 
  2.4 2.75 20.0  -130.18387 -0.20693 -130.19761 -0.22212 -130.16273 -0.18732 
  2.6 2.75 20.0  -130.14112 -0.16450 -130.15256 -0.17738 -130.11862 -0.14368 
  2.0 2.50 20.0  -130.11490 -0.13675 -130.12819 -0.15118 -130.09096 -0.11410 
  2.2 2.50 20.0  -130.12889 -0.15126 -130.14309 -0.16641 -130.10654 -0.12986 
  2.4 2.50 20.0  -130.08339 -0.10616 -130.09600 -0.11967 -130.06040 -0.08442 
  2.6 2.50 20.0  -130.00051 -0.02350 -130.00960 -0.03365 -129.97592  0.00003 
  2.0 7.00 30.0  -130.17422 -0.19410 -130.17369 -0.19354 -130.17355 -0.19339 
  2.2 7.00 30.0  -130.19626 -0.21699 -130.19589 -0.21660 -130.19574 -0.21644 
  2.4 7.00 30.0  -130.17835 -0.19988 -130.17804 -0.19956 -130.17788 -0.19939 
  2.6 7.00 30.0  -130.14427 -0.16641 -130.14396 -0.16609 -130.14379 -0.16592 
  2.0 5.00 30.0  -130.17821 -0.19869 -130.16932 -0.18963 -130.16641 -0.18657 
  2.2 5.00 30.0  -130.19877 -0.22005 -130.19109 -0.21235 -130.18797 -0.20907 
  2.4 5.00 30.0  -130.18071 -0.20282 -130.17295 -0.19514 -130.16968 -0.19168 
  2.6 5.00 30.0  -130.14745 -0.17024 -130.13872 -0.16169 -130.13556 -0.15827 
  2.0 4.00 30.0  -130.18548 -0.20681 -130.15712 -0.17936 -130.14565 -0.16736 
  2.2 4.00 30.0  -130.20815 -0.23045 -130.18170 -0.20574 -130.16867 -0.19200 
  2.4 4.00 30.0  -130.19525 -0.21857 -130.16964 -0.19572 -130.15480 -0.17998 
  2.6 4.00 30.0  -130.16990 -0.19390 -130.14578 -0.17385 -130.12932 -0.15588 
  2.0 3.50 30.0  -130.19221 -0.21401 -130.15655 -0.18168 -130.13329 -0.15810 
  2.2 3.50 30.0  -130.22288 -0.24582 -130.19568 -0.22297 -130.16788 -0.19565 
  2.4 3.50 30.0  -130.21918 -0.24279 -130.19791 -0.22724 -130.16710 -0.19723 
  2.6 3.50 30.0  -130.20162 -0.22565 -130.18141 -0.21326 -130.15363 -0.18321 
  2.0 3.00 30.0  -130.20326 -0.22550 -130.17967 -0.20493 -130.14352 -0.17107 
  2.2 3.00 30.0  -130.24493 -0.26767 -130.22979 -0.25554 -130.19020 -0.22090 
  2.4 3.00 30.0  -130.24612 -0.26934 -130.23510 -0.26125 -130.19306 -0.22531 
  2.6 3.00 30.0  -130.22795 -0.25157 -130.21815 -0.24470 -130.17920 -0.20942 
  2.0 2.75 30.0  -130.20265 -0.22462 -130.18534 -0.20955 -130.14836 -0.17328 
  2.2 2.75 30.0  -130.24384 -0.26633 -130.23251 -0.25713 -130.19625 -0.22123 
  2.4 2.75 30.0  -130.24044 -0.26342 -130.23136 -0.25640 -130.19567 -0.22152 
  2.6 2.75 30.0  -130.21489 -0.23826 -130.20569 -0.23118 -130.17398 -0.19922 
  2.0 2.50 30.0  -130.17894 -0.20063 -130.16515 -0.18842 -130.12715 -0.15079 
  2.2 2.50 30.0  -130.21136 -0.23360 -130.20102 -0.22471 -130.16416 -0.18798 
  2.4 2.50 30.0  -130.19524 -0.21797 -130.18554 -0.20968 -130.14990 -0.17444 
  2.6 2.50 30.0  -130.15454 -0.17765 -130.14365 -0.16827 -130.11247 -0.13657 
  2.0 2.25 30.0  -130.09970 -0.12113 -130.08570 -0.10822 -130.04707 -0.06980 
  2.2 2.25 30.0  -130.11054 -0.13251 -130.09786 -0.12083 -130.06057 -0.08361 
  2.4 2.25 30.0  -130.06979 -0.09222 -130.05647 -0.07993 -130.02104 -0.04459 
  2.6 2.25 30.0  -130.00377 -0.02655 -129.98861 -0.01253 -129.95840  0.01841 
  2.0 7.00 40.0  -130.17445 -0.19433 -130.17371 -0.19355 -130.17360 -0.19344 
  2.2 7.00 40.0  -130.19644 -0.21717 -130.19592 -0.21663 -130.19581 -0.21651 
  2.4 7.00 40.0  -130.17853 -0.20005 -130.17808 -0.19959 -130.17797 -0.19947 
  2.6 7.00 40.0  -130.14445 -0.16658 -130.14401 -0.16613 -130.14390 -0.16602 
  2.0 5.00 40.0  -130.18224 -0.20272 -130.17052 -0.19074 -130.16825 -0.18836 
  2.2 5.00 40.0  -130.20259 -0.22384 -130.19253 -0.21370 -130.19022 -0.21125 
  2.4 5.00 40.0  -130.18453 -0.20658 -130.17461 -0.19666 -130.17235 -0.19425 
  2.6 5.00 40.0  -130.15125 -0.17394 -130.14052 -0.16331 -130.13861 -0.16119 
  2.0 4.00 40.0  -130.19786 -0.21905 -130.16143 -0.18326 -130.15238 -0.17373 
  2.2 4.00 40.0  -130.21955 -0.24171 -130.18584 -0.20917 -130.17612 -0.19882 
  2.4 4.00 40.0  -130.20526 -0.22833 -130.17233 -0.19728 -130.16210 -0.18618 
  2.6 4.00 40.0  -130.17762 -0.20134 -130.14561 -0.17207 -130.13532 -0.16035 
  2.0 3.50 40.0  -130.20972 -0.23133 -130.15980 -0.18411 -130.14150 -0.16519 
  2.2 3.50 40.0  -130.23722 -0.25995 -130.19421 -0.22060 -130.17329 -0.19915 
  2.4 3.50 40.0  -130.22955 -0.25304 -130.19225 -0.22060 -130.16971 -0.19724 
  2.6 3.50 40.0  -130.20806 -0.23204 -130.17483 -0.20460 -130.15451 -0.18179 
  2.0 3.00 40.0  -130.22339 -0.24551 -130.17643 -0.20216 -130.14426 -0.17126 
  2.2 3.00 40.0  -130.26101 -0.28378 -130.22432 -0.25104 -130.18946 -0.21889 
  2.4 3.00 40.0  -130.26026 -0.28356 -130.23007 -0.25733 -130.19538 -0.22522 
  2.6 3.00 40.0  -130.24226 -0.26598 -130.21531 -0.24347 -130.18636 -0.21444 
  2.0 2.75 40.0  -130.22676 -0.24875 -130.18520 -0.21013 -130.14831 -0.17601 
  2.2 2.75 40.0  -130.26779 -0.29034 -130.23510 -0.26059 -130.19599 -0.22615 
  2.4 2.75 40.0  -130.26765 -0.29073 -130.24033 -0.26633 -130.20213 -0.23222 
  2.6 2.75 40.0  -130.24841 -0.27192 -130.22385 -0.25050 -130.19208 -0.22010 
  2.0 2.50 40.0  -130.21744 -0.23916 -130.18033 -0.20429 -130.14323 -0.16785 
  2.2 2.50 40.0  -130.25828 -0.28060 -130.22800 -0.25246 -130.19243 -0.21714 
  2.4 2.50 40.0  -130.25548 -0.27834 -130.22912 -0.25412 -130.19578 -0.22085 
  2.6 2.50 40.0  -130.23240 -0.25570 -130.20818 -0.23367 -130.18061 -0.20523 
  2.0 2.25 40.0  -130.17674 -0.19819 -130.14136 -0.16448 -130.10328 -0.12670 
  2.2 2.25 40.0  -130.21242 -0.23450 -130.18180 -0.20545 -130.14555 -0.16932 
  2.4 2.25 40.0  -130.20335 -0.22598 -130.17549 -0.19972 -130.14236 -0.16632 
  2.6 2.25 40.0  -130.17448 -0.19754 -130.14859 -0.17320 -130.12141 -0.14509 
  2.0 7.00 50.0  -130.17448 -0.19436 -130.17373 -0.19356 -130.17365 -0.19348 
  2.2 7.00 50.0  -130.19647 -0.21719 -130.19594 -0.21664 -130.19586 -0.21656 
  2.4 7.00 50.0  -130.17855 -0.20006 -130.17811 -0.19961 -130.17804 -0.19953 
  2.6 7.00 50.0  -130.14446 -0.16659 -130.14404 -0.16615 -130.14398 -0.16609 
  2.0 5.00 50.0  -130.18303 -0.20346 -130.17136 -0.19150 -130.16971 -0.18977 
  2.2 5.00 50.0  -130.20322 -0.22440 -130.19351 -0.21456 -130.19191 -0.21288 
  2.4 5.00 50.0  -130.18496 -0.20692 -130.17567 -0.19758 -130.17424 -0.19605 
  2.6 5.00 50.0  -130.15136 -0.17391 -130.14161 -0.16421 -130.14061 -0.16307 
  2.0 4.00 50.0  -130.20039 -0.22150 -130.16359 -0.18490 -130.15707 -0.17801 
  2.2 4.00 50.0  -130.22069 -0.24269 -130.18739 -0.20993 -130.18083 -0.20291 
  2.4 4.00 50.0  -130.20463 -0.22746 -130.17236 -0.19616 -130.16607 -0.18924 
  2.6 4.00 50.0  -130.17467 -0.19810 -130.14293 -0.16788 -130.13743 -0.16137 
  2.0 3.50 50.0  -130.21271 -0.23426 -130.15910 -0.18225 -130.14604 -0.16853 
  2.2 3.50 50.0  -130.23702 -0.25958 -130.18938 -0.21429 -130.17525 -0.19932 
  2.4 3.50 50.0  -130.22570 -0.24903 -130.18315 -0.20970 -130.16830 -0.19367 
  2.6 3.50 50.0  -130.20049 -0.22432 -130.16333 -0.19099 -130.14939 -0.17503 
  2.0 3.00 50.0  -130.22513 -0.24717 -130.16530 -0.19078 -130.14025 -0.16564 
  2.2 3.00 50.0  -130.25825 -0.28107 -130.20902 -0.23628 -130.18249 -0.20970 
  2.4 3.00 50.0  -130.25417 -0.27757 -130.21252 -0.24142 -130.18756 -0.21518 
  2.6 3.00 50.0  -130.23395 -0.25778 -130.19861 -0.22776 -130.17812 -0.20479 
  2.0 2.75 50.0  -130.22899 -0.25107 -130.17241 -0.19820 -130.14122 -0.16792 
  2.2 2.75 50.0  -130.26727 -0.28999 -130.22092 -0.24862 -130.18955 -0.21786 
  2.4 2.75 50.0  -130.26625 -0.28951 -130.22632 -0.25571 -130.19848 -0.22663 
  2.6 2.75 50.0  -130.24746 -0.27116 -130.21337 -0.24269 -130.19108 -0.21793 
  2.0 2.50 50.0  -130.22605 -0.24794 -130.17436 -0.19931 -130.13840 -0.16586 
  2.2 2.50 50.0  -130.26846 -0.29098 -130.22665 -0.25222 -130.19029 -0.21914 
  2.4 2.50 50.0  -130.26931 -0.29239 -130.23410 -0.26048 -130.20100 -0.22930 
  2.6 2.50 50.0  -130.25106 -0.27460 -130.22154 -0.24802 -130.19422 -0.22108 
  2.0 2.25 50.0  -130.20584 -0.22750 -130.15817 -0.18220 -130.11909 -0.14667 
  2.2 2.25 50.0  -130.25071 -0.27302 -130.21112 -0.23574 -130.17215 -0.20095 
  2.4 2.25 50.0  -130.25247 -0.27536 -130.21852 -0.24377 -130.18345 -0.21152 
  2.6 2.25 50.0  -130.23468 -0.25804 -130.20568 -0.23118 -130.17709 -0.20375 
  2.0 7.00 60.0  -130.17434 -0.19421 -130.17373 -0.19356 -130.17368 -0.19350 
  2.2 7.00 60.0  -130.19636 -0.21707 -130.19595 -0.21664 -130.19590 -0.21659 
  2.4 7.00 60.0  -130.17846 -0.19996 -130.17812 -0.19961 -130.17808 -0.19956 
  2.6 7.00 60.0  -130.14437 -0.16648 -130.14406 -0.16616 -130.14403 -0.16613 
  2.0 5.00 60.0  -130.18117 -0.20150 -130.17185 -0.19192 -130.17073 -0.19073 
  2.2 5.00 60.0  -130.20148 -0.22256 -130.19405 -0.21501 -130.19302 -0.21392 
  2.4 5.00 60.0  -130.18313 -0.20496 -130.17624 -0.19803 -130.17539 -0.19712 
  2.6 5.00 60.0  -130.14923 -0.17164 -130.14217 -0.16462 -130.14172 -0.16408 
  2.0 4.00 60.0  -130.19510 -0.21616 -130.16447 -0.18533 -130.16008 -0.18070 
  2.2 4.00 60.0  -130.21442 -0.23624 -130.18771 -0.20963 -130.18358 -0.20521 
  2.4 4.00 60.0  -130.19699 -0.21956 -130.17152 -0.19449 -130.16799 -0.19056 
  2.6 4.00 60.0  -130.16526 -0.18838 -130.13998 -0.16386 -130.13758 -0.16085 
  2.0 3.50 60.0  -130.20428 -0.22579 -130.15724 -0.17930 -130.14859 -0.17017 
  2.2 3.50 60.0  -130.22599 -0.24837 -130.18440 -0.20786 -130.17564 -0.19846 
  2.4 3.50 60.0  -130.21184 -0.23494 -130.17405 -0.19889 -130.16534 -0.18924 
  2.6 3.50 60.0  -130.18377 -0.20735 -130.15035 -0.17630 -130.14203 -0.16650 
  2.0 3.00 60.0  -130.21143 -0.23345 -130.15251 -0.17677 -130.13513 -0.15874 
  2.2 3.00 60.0  -130.24053 -0.26336 -130.19166 -0.21760 -130.17292 -0.19803 
  2.4 3.00 60.0  -130.23330 -0.25670 -130.19314 -0.22044 -130.17439 -0.20027 
  2.6 3.00 60.0  -130.21077 -0.23459 -130.17847 -0.20622 -130.16170 -0.18742 
  2.0 2.75 60.0  -130.21266 -0.23483 -130.15379 -0.17911 -130.13026 -0.15521 
  2.2 2.75 60.0  -130.24757 -0.27043 -130.20042 -0.22736 -130.17595 -0.20229 
  2.4 2.75 60.0  -130.24462 -0.26801 -130.20656 -0.23464 -130.18349 -0.21014 
  2.6 2.75 60.0  -130.22482 -0.24864 -130.19447 -0.22261 -130.17463 -0.20076 
  2.0 2.50 60.0  -130.20988 -0.23202 -130.15485 -0.18079 -130.12564 -0.15176 
  2.2 2.50 60.0  -130.25122 -0.27398 -130.20738 -0.23490 -130.17850 -0.20573 
  2.4 2.50 60.0  -130.25240 -0.27571 -130.21678 -0.24515 -130.19057 -0.21772 
  2.6 2.50 60.0  -130.23503 -0.25879 -130.20641 -0.23465 -130.18424 -0.21066 
  2.0 2.25 60.0  -130.19772 -0.21968 -130.14777 -0.17384 -130.11446 -0.14129 
  2.2 2.25 60.0  -130.24530 -0.26792 -130.20463 -0.23222 -130.17280 -0.20046 
  2.4 2.25 60.0  -130.25040 -0.27359 -130.21698 -0.24502 -130.18832 -0.21566 
  2.6 2.25 60.0  -130.23562 -0.25928 -130.20830 -0.23625 -130.18422 -0.21075 
  2.0 2.00 60.0  -130.16504 -0.18682 -130.11915 -0.14506 -130.08348 -0.11043 
  2.2 2.00 60.0  -130.21897 -0.24144 -130.18299 -0.20788 -130.14691 -0.17440 
  2.4 2.00 60.0  -130.22890 -0.25195 -130.19928 -0.22464 -130.16662 -0.19369 
  2.6 2.00 60.0  -130.21825 -0.24178 -130.19390 -0.21964 -130.16615 -0.19254 
  2.0 7.00 70.0  -130.17412 -0.19396 -130.17373 -0.19355 -130.17370 -0.19352 
  2.2 7.00 70.0  -130.19620 -0.21690 -130.19595 -0.21664 -130.19592 -0.21660 
  2.4 7.00 70.0  -130.17832 -0.19981 -130.17813 -0.19961 -130.17810 -0.19958 
  2.6 7.00 70.0  -130.14424 -0.16635 -130.14407 -0.16617 -130.14405 -0.16615 
  2.0 5.00 70.0  -130.17790 -0.19810 -130.17208 -0.19209 -130.17134 -0.19132 
  2.2 5.00 70.0  -130.19869 -0.21965 -130.19430 -0.21519 -130.19365 -0.21450 
  2.4 5.00 70.0  -130.18043 -0.20214 -130.17648 -0.19820 -130.17599 -0.19766 
  2.6 5.00 70.0  -130.14641 -0.16870 -130.14242 -0.16477 -130.14223 -0.16451 
  2.0 4.00 70.0  -130.18500 -0.20589 -130.16467 -0.18524 -130.16184 -0.18226 
  2.2 4.00 70.0  -130.20429 -0.22587 -130.18750 -0.20904 -130.18498 -0.20635 
  2.4 4.00 70.0  -130.18627 -0.20855 -130.17057 -0.19304 -130.16866 -0.19091 
  2.6 4.00 70.0  -130.15355 -0.17635 -130.13771 -0.16096 -130.13692 -0.15981 
  2.0 3.50 70.0  -130.18833 -0.20972 -130.15538 -0.17670 -130.14991 -0.17095 
  2.2 3.50 70.0  -130.20869 -0.23081 -130.18044 -0.20291 -130.17528 -0.19738 
  2.4 3.50 70.0  -130.19283 -0.21563 -130.16682 -0.19046 -130.16224 -0.18531 
  2.6 3.50 70.0  -130.16300 -0.18626 -130.13890 -0.16358 -130.13507 -0.15878 
  2.0 3.00 70.0  -130.18692 -0.20888 -130.14168 -0.16453 -130.13068 -0.15300 
  2.2 3.00 70.0  -130.21316 -0.23588 -130.17546 -0.19987 -130.16360 -0.18721 
  2.4 3.00 70.0  -130.20380 -0.22708 -130.17293 -0.19881 -130.16012 -0.18472 
  2.6 3.00 70.0  -130.18003 -0.20371 -130.15616 -0.18294 -130.14300 -0.16800 
  2.0 2.75 70.0  -130.18302 -0.20525 -130.13519 -0.15920 -130.11927 -0.14261 
  2.2 2.75 70.0  -130.21530 -0.23820 -130.17767 -0.20337 -130.15993 -0.18466 
  2.4 2.75 70.0  -130.21117 -0.23458 -130.18250 -0.20950 -130.16379 -0.18934 
  2.6 2.75 70.0  -130.19121 -0.21503 -130.17012 -0.19755 -130.15203 -0.17769 
  2.0 2.50 70.0  -130.17625 -0.19860 -130.13051 -0.15571 -130.10819 -0.13278 
  2.2 2.50 70.0  -130.21661 -0.23956 -130.18252 -0.20928 -130.15853 -0.18442 
  2.4 2.50 70.0  -130.21833 -0.24180 -130.19317 -0.22080 -130.16933 -0.19571 
  2.6 2.50 70.0  -130.20210 -0.22602 -130.18380 -0.21150 -130.16169 -0.18791 
  2.0 2.25 70.0  -130.16475 -0.18705 -130.12475 -0.15076 -130.09628 -0.12204 
  2.2 2.25 70.0  -130.21408 -0.23700 -130.18469 -0.21189 -130.15569 -0.18246 
  2.4 2.25 70.0  -130.22163 -0.24510 -130.19996 -0.22750 -130.17204 -0.19896 
  2.6 2.25 70.0  -130.20906 -0.23300 -130.19301 -0.22056 -130.16764 -0.19422 
  2.0 2.00 70.0  -130.14259 -0.16478 -130.10887 -0.13506 -130.07603 -0.10245 
  2.2 2.00 70.0  -130.20096 -0.22381 -130.17686 -0.20261 -130.14327 -0.17027 
  2.4 2.00 70.0  -130.21460 -0.23802 -130.19651 -0.22276 -130.16494 -0.19179 
  2.6 2.00 70.0  -130.20641 -0.23028 -130.19227 -0.21909 -130.16417 -0.19072 
  2.2 1.75 70.0  -130.16579 -0.18850 -130.14471 -0.16960 -130.11110 -0.13575 
  2.4 1.75 70.0  -130.18776 -0.21095 -130.17126 -0.19675 -130.13973 -0.16475 
  2.6 1.75 70.0  -130.18707 -0.21028 -130.17357 -0.19960 -130.14462 -0.17009 
  2.8 1.75 70.0  -130.17505 -0.19876 -130.16421 -0.19068 -130.13836 -0.16420 
  2.2 1.50 70.0  -130.09348 -0.11493 -130.07345 -0.09776 -130.03861 -0.06262 
  2.4 1.50 70.0  -130.12971 -0.15172 -130.11373 -0.13871 -130.08088 -0.10537 
  2.6 1.50 70.0  -130.14126 -0.16385 -130.12868 -0.15426 -130.09839 -0.12329 
  2.8 1.50 70.0  -130.14038 -0.16353 -130.13056 -0.15661 -130.10325 -0.12849 
  2.0 7.00 80.0  -130.17390 -0.19373 -130.17373 -0.19355 -130.17371 -0.19352 
  2.2 7.00 80.0  -130.19605 -0.21674 -130.19595 -0.21664 -130.19593 -0.21661 
  2.4 7.00 80.0  -130.17820 -0.19968 -130.17813 -0.19961 -130.17812 -0.19959 
  2.6 7.00 80.0  -130.14414 -0.16623 -130.14408 -0.16617 -130.14407 -0.16616 
  2.0 5.00 80.0  -130.17458 -0.19463 -130.17216 -0.19213 -130.17167 -0.19162 
  2.2 5.00 80.0  -130.19604 -0.21689 -130.19438 -0.21523 -130.19395 -0.21477 
  2.4 5.00 80.0  -130.17799 -0.19961 -130.17657 -0.19823 -130.17624 -0.19788 
  2.6 5.00 80.0  -130.14399 -0.16620 -130.14252 -0.16481 -130.14238 -0.16463 
  2.0 4.00 80.0  -130.17357 -0.19415 -130.16454 -0.18494 -130.16267 -0.18298 
  2.2 4.00 80.0  -130.19392 -0.21520 -130.18711 -0.20844 -130.18548 -0.20672 
  2.4 4.00 80.0  -130.17602 -0.19802 -130.16976 -0.19196 -130.16860 -0.19068 
  2.6 4.00 80.0  -130.14291 -0.16544 -130.13624 -0.15914 -130.13593 -0.15863 
  2.0 3.50 80.0  -130.16938 -0.19044 -130.15383 -0.17473 -130.15031 -0.17107 
  2.2 3.50 80.0  -130.19002 -0.21178 -130.17755 -0.19948 -130.17443 -0.19618 
  2.4 3.50 80.0  -130.17356 -0.19600 -130.16179 -0.18473 -130.15941 -0.18206 
  2.6 3.50 80.0  -130.14280 -0.16571 -130.13053 -0.15434 -130.12937 -0.15265 
  2.0 3.00 80.0  -130.15708 -0.17880 -130.13376 -0.15563 -130.12705 -0.14867 
  2.2 3.00 80.0  -130.18195 -0.20441 -130.16244 -0.18566 -130.15569 -0.17845 
  2.4 3.00 80.0  -130.17143 -0.19449 -130.15427 -0.17893 -130.14702 -0.17079 
  2.6 3.00 80.0  -130.14748 -0.17094 -130.13409 -0.16013 -130.12498 -0.14941 
  2.0 2.75 80.0  -130.14617 -0.16830 -130.11968 -0.14240 -130.11000 -0.13230 
  2.2 2.75 80.0  -130.17690 -0.19973 -130.15559 -0.18003 -130.14438 -0.16799 
  2.4 2.75 80.0  -130.17278 -0.19613 -130.15720 -0.18340 -130.14296 -0.16769 
  2.6 2.75 80.0  -130.15425 -0.17804 -130.14547 -0.17263 -130.12787 -0.15320 
  2.0 2.50 80.0  -130.13240 -0.15490 -130.10520 -0.12925 -130.09012 -0.11345 
  2.2 2.50 80.0  -130.17301 -0.19610 -130.15428 -0.18037 -130.13499 -0.15987 
  2.4 2.50 80.0  -130.17713 -0.20075 -130.16690 -0.19423 -130.14353 -0.16948 
  2.6 2.50 80.0  -130.16402 -0.18814 -130.15987 -0.18729 -130.13511 -0.16139 
  2.0 2.25 80.0  -130.11761 -0.14026 -130.09489 -0.12058 -130.07096 -0.09579 
  2.2 2.25 80.0  -130.17062 -0.19388 -130.15835 -0.18533 -130.12989 -0.15622 
  2.4 2.25 80.0  -130.18267 -0.20651 -130.17735 -0.20450 -130.14745 -0.17432 
  2.6 2.25 80.0  -130.17407 -0.19840 -130.17303 -0.20027 -130.14370 -0.17051 
  2.0 2.00 80.0  -130.10071 -0.12338 -130.08604 -0.11203 -130.05360 -0.07982 
  2.2 2.00 80.0  -130.16513 -0.18848 -130.15821 -0.18436 -130.12469 -0.15133 
  2.4 2.00 80.0  -130.18391 -0.20777 -130.18158 -0.20810 -130.14879 -0.17525 
  2.6 2.00 80.0  -130.17952 -0.20378 -130.17994 -0.20680 -130.14830 -0.17483 
  2.2 1.75 80.0  -130.14635 -0.16936 -130.14215 -0.16748 -130.10695 -0.13216 
  2.4 1.75 80.0  -130.17255 -0.19592 -130.17128 -0.19717 -130.13678 -0.16239 
  2.6 1.75 80.0  -130.17375 -0.19752 -130.17451 -0.20090 -130.14124 -0.16720 
  2.8 1.75 80.0  -130.16265 -0.18685 -130.16480 -0.19157 -130.13314 -0.15937 
  2.2 1.50 80.0  -130.09991 -0.12203 -130.09673 -0.12142 -130.06000 -0.08451 
  2.4 1.50 80.0  -130.13706 -0.15969 -130.13651 -0.16186 -130.10054 -0.12557 
  2.0 5.00 90.0  -130.17231 -0.19225 -130.17215 -0.19211 -130.17178 -0.19172 
  2.2 5.00 90.0  -130.19430 -0.21509 -130.19438 -0.21521 -130.19403 -0.21484 
  2.4 5.00 90.0  -130.17644 -0.19801 -130.17658 -0.19822 -130.17628 -0.19789 
  2.6 5.00 90.0  -130.14246 -0.16463 -130.14256 -0.16482 -130.14234 -0.16457 
  2.8 5.00 90.0  -130.10461 -0.12710 -130.10455 -0.12715 -130.10448 -0.12704 
  2.0 4.00 90.0  -130.16482 -0.18506 -130.16425 -0.18457 -130.16283 -0.18309 
  2.2 4.00 90.0  -130.18659 -0.20764 -130.18669 -0.20793 -130.18537 -0.20655 
  2.4 4.00 90.0  -130.16900 -0.19081 -130.16918 -0.19126 -130.16808 -0.19009 
  2.6 4.00 90.0  -130.13569 -0.15807 -130.13546 -0.15819 -130.13479 -0.15742 
  2.8 4.00 90.0  -130.09894 -0.12158 -130.09774 -0.12082 -130.09783 -0.12077 
  2.0 3.50 90.0  -130.15367 -0.17426 -130.15260 -0.17334 -130.14996 -0.17061 
  2.2 3.50 90.0  -130.17576 -0.19717 -130.17563 -0.19733 -130.17320 -0.19482 
  2.4 3.50 90.0  -130.15911 -0.18130 -130.15878 -0.18138 -130.15686 -0.17934 
  2.6 3.50 90.0  -130.12745 -0.15015 -130.12575 -0.14906 -130.12485 -0.14796 
  2.8 3.50 90.0  -130.09317 -0.11608 -130.08868 -0.11237 -130.08965 -0.11305 
  2.0 3.00 90.0  -130.13063 -0.15186 -130.12864 -0.15007 -130.12397 -0.14531 
  2.2 3.00 90.0  -130.15515 -0.17731 -130.15370 -0.17621 -130.14944 -0.17183 
  2.4 3.00 90.0  -130.14286 -0.16575 -130.13959 -0.16322 -130.13622 -0.15955 
  2.6 3.00 90.0  -130.11807 -0.14137 -130.11170 -0.13656 -130.10883 -0.13286 
  2.8 3.00 90.0  -130.09196 -0.11560 -130.09456 -0.12087 -130.08019 -0.10458 
  2.0 2.75 90.0  -130.11206 -0.13381 -130.10904 -0.13096 -130.10291 -0.12475 
  2.2 2.75 90.0  -130.14077 -0.16351 -130.13723 -0.16047 -130.13126 -0.15424 
  2.4 2.75 90.0  -130.13583 -0.15919 -130.13033 -0.15540 -130.12279 -0.14689 
  2.6 2.75 90.0  -130.11968 -0.14358 -130.12522 -0.15213 -130.10301 -0.12809 
  2.8 2.75 90.0  -130.09990 -0.12436 -130.11293 -0.13952 -130.08282 -0.10845 
  2.0 2.50 90.0  -130.08853 -0.11105 -130.08325 -0.10597 -130.07474 -0.09724 
  2.2 2.50 90.0  -130.12867 -0.15199 -130.12291 -0.14806 -130.11033 -0.13435 
  2.4 2.50 90.0  -130.13735 -0.16138 -130.14457 -0.17156 -130.11508 -0.14087 
  2.6 2.50 90.0  -130.13022 -0.15496 -130.14447 -0.17133 -130.11000 -0.13680 
  2.8 2.50 90.0  -130.11451 -0.13977 -130.13210 -0.15888 -130.09642 -0.12322 
  2.0 2.25 90.0  -130.06722 -0.09035 -130.05986 -0.08497 -130.04202 -0.06584 
  2.2 2.25 90.0  -130.12768 -0.15161 -130.13495 -0.16147 -130.10036 -0.12684 
  2.4 2.25 90.0  -130.14778 -0.17242 -130.16142 -0.18802 -130.12540 -0.15229 
  2.6 2.25 90.0  -130.14545 -0.17055 -130.16215 -0.18889 -130.12496 -0.15183 
  2.8 2.25 90.0  -130.13161 -0.15729 -130.14981 -0.17666 -130.11225 -0.13916 
  2.0 2.00 90.0  -130.05778 -0.08118 -130.06334 -0.08891 -130.02813 -0.05427 
  2.2 2.00 90.0  -130.13168 -0.15582 -130.14327 -0.16911 -130.10585 -0.13194 
  2.4 2.00 90.0  -130.15723 -0.18176 -130.17205 -0.19824 -130.13375 -0.16003 
  2.6 2.00 90.0  -130.15770 -0.18247 -130.17421 -0.20074 -130.13561 -0.16215 
  2.8 2.00 90.0  -130.14534 -0.17044 -130.16296 -0.18973 -130.12434 -0.15111 
  2.0 1.75 90.0  -130.04295 -0.06601 -130.05151 -0.07622 -130.01356 -0.03855 
  2.2 1.75 90.0  -130.12454 -0.14790 -130.13643 -0.16166 -130.09751 -0.12282 
  2.4 1.75 90.0  -130.15523 -0.17893 -130.16933 -0.19508 -130.12999 -0.15571 
  2.6 1.75 90.0  -130.15943 -0.18354 -130.17513 -0.20135 -130.13570 -0.16185 
  2.8 1.75 90.0  -130.15018 -0.17474 -130.16707 -0.19366 -130.12771 -0.15424 
  2.0 1.50 90.0  -129.99917 -0.02129 -130.00742 -0.03142 -129.96835  0.00749 
  2.2 1.50 90.0  -130.09058 -0.11316 -130.10185 -0.12651 -130.06206 -0.08672 
  2.4 1.50 90.0  -130.12999 -0.15304 -130.14352 -0.16882 -130.10344 -0.12865 
  2.6 1.50 90.0  -130.14193 -0.16549 -130.15722 -0.18309 -130.11713 -0.14289 
  2.8 1.50 90.0  -130.13937 -0.16347 -130.15608 -0.18241 -130.11608 -0.14233 
  3.0 1.50 90.0  -130.12916 -0.15379 -130.14701 -0.17366 -130.10707 -0.13372 
  2.0 7.00 100.0  -130.17370 -0.19352 -130.17373 -0.19354 -130.17371 -0.19353 
  2.2 7.00 100.0  -130.19593 -0.21661 -130.19596 -0.21664 -130.19594 -0.21662 
  2.4 7.00 100.0  -130.17811 -0.19959 -130.17814 -0.19962 -130.17813 -0.19960 
  2.6 7.00 100.0  -130.14407 -0.16616 -130.14409 -0.16619 -130.14408 -0.16617 
  2.0 5.00 100.0  -130.17160 -0.19150 -130.17208 -0.19204 -130.17174 -0.19168 
  2.2 5.00 100.0  -130.19376 -0.21453 -130.19432 -0.21515 -130.19395 -0.21477 
  2.4 5.00 100.0  -130.17593 -0.19749 -130.17655 -0.19818 -130.17616 -0.19777 
  2.6 5.00 100.0  -130.14192 -0.16409 -130.14256 -0.16482 -130.14215 -0.16439 
  2.0 4.00 100.0  -130.16217 -0.18230 -130.16385 -0.18415 -130.16243 -0.18269 
  2.2 4.00 100.0  -130.18431 -0.20531 -130.18629 -0.20751 -130.18478 -0.20595 
  2.4 4.00 100.0  -130.16660 -0.18842 -130.16882 -0.19089 -130.16721 -0.18922 
  2.6 4.00 100.0  -130.13289 -0.15532 -130.13527 -0.15797 -130.13349 -0.15614 
  2.0 3.50 100.0  -130.14894 -0.16939 -130.15165 -0.17236 -130.14893 -0.16958 
  2.2 3.50 100.0  -130.17124 -0.19260 -130.17458 -0.19625 -130.17167 -0.19328 
  2.4 3.50 100.0  -130.15385 -0.17608 -130.15776 -0.18030 -130.15456 -0.17703 
  2.6 3.50 100.0  -130.12071 -0.14357 -130.12515 -0.14834 -130.12135 -0.14448 
  2.0 3.00 100.0  -130.12257 -0.14364 -130.12626 -0.14763 -130.12128 -0.14262 
  2.2 3.00 100.0  -130.14549 -0.16762 -130.15066 -0.17305 -130.14517 -0.16754 
  2.4 3.00 100.0  -130.12885 -0.15201 -130.13615 -0.15954 -130.12927 -0.15255 
  2.6 3.00 100.0  -130.09810 -0.12166 -130.11481 -0.13949 -130.09727 -0.12122 
  2.0 2.75 100.0  -130.10101 -0.12256 -130.10498 -0.12678 -130.09838 -0.12019 
  2.2 2.75 100.0  -130.12433 -0.14719 -130.13130 -0.15424 -130.12344 -0.14632 
  2.4 2.75 100.0  -130.10919 -0.13295 -130.12958 -0.15461 -130.10867 -0.13249 
  2.6 2.75 100.0  -130.09125 -0.11561 -130.13234 -0.15806 -130.07810 -0.10263 
  2.8 2.75 100.0  -130.07816 -0.10455 -130.12353 -0.14931 -130.07439 -0.10096 
  2.0 2.50 100.0  -130.07081 -0.09307 -130.07532 -0.09765 -130.06637 -0.08872 
  2.2 2.50 100.0  -130.09456 -0.11846 -130.11962 -0.14485 -130.09335 -0.11680 
  2.4 2.50 100.0  -130.10993 -0.13551 -130.14937 -0.17517 -130.10354 -0.12969 
  2.6 2.50 100.0  -130.11495 -0.14078 -130.15354 -0.17954 -130.10668 -0.13320 
  2.8 2.50 100.0  -130.10380 -0.13033 -130.14408 -0.17016 -130.09616 -0.12288 
  2.0 2.25 100.0  -130.03374 -0.05699 -130.05569 -0.08070 -130.02249 -0.04542 
  2.2 2.25 100.0  -130.10895 -0.13313 -130.13750 -0.16297 -130.09394 -0.11971 
  2.4 2.25 100.0  -130.13672 -0.16164 -130.16856 -0.19435 -130.12367 -0.14981 
  2.6 2.25 100.0  -130.13837 -0.16386 -130.17259 -0.19864 -130.12657 -0.15304 
  2.8 2.25 100.0  -130.12673 -0.15274 -130.16284 -0.18904 -130.11576 -0.14251 
  2.0 2.00 100.0  -130.04310 -0.06634 -130.06357 -0.08833 -130.02221 -0.04731 
  2.2 2.00 100.0  -130.12281 -0.14671 -130.14785 -0.17304 -130.10476 -0.13024 
  2.4 2.00 100.0  -130.15167 -0.17609 -130.18002 -0.20562 -130.13562 -0.16150 
  2.6 2.00 100.0  -130.15412 -0.17902 -130.18498 -0.21092 -130.13951 -0.16580 
  2.8 2.00 100.0  -130.14316 -0.16856 -130.17607 -0.20225 -130.12959 -0.15625 
  2.2 1.75 100.0  -130.11810 -0.14145 -130.14027 -0.16504 -130.09731 -0.12232 
  2.4 1.75 100.0  -130.15042 -0.17426 -130.17595 -0.20123 -130.13178 -0.15729 
  2.6 1.75 100.0  -130.15606 -0.18040 -130.18423 -0.20996 -130.13909 -0.16511 
  2.8 1.75 100.0  -130.14798 -0.17285 -130.17838 -0.20443 -130.13232 -0.15880 
  3.0 1.75 100.0  -130.13302 -0.15843 -130.16543 -0.19167 -130.11833 -0.14518 
  2.2 1.50 100.0  -130.08068 -0.10347 -130.10062 -0.12491 -130.05761 -0.08206 
  2.4 1.50 100.0  -130.12154 -0.14485 -130.14494 -0.16985 -130.10086 -0.12592 
  2.6 1.50 100.0  -130.13504 -0.15890 -130.16125 -0.18669 -130.11631 -0.14199 
  2.8 1.50 100.0  -130.13399 -0.15842 -130.16256 -0.18842 -130.11684 -0.14307 
  3.0 1.50 100.0  -130.12511 -0.15011 -130.15583 -0.18194 -130.10918 -0.13587 
  2.0 7.00 110.0  -130.17375 -0.19357 -130.17372 -0.19354 -130.17371 -0.19352 
  2.2 7.00 110.0  -130.19596 -0.21665 -130.19595 -0.21664 -130.19594 -0.21662 
  2.4 7.00 110.0  -130.17814 -0.19963 -130.17814 -0.19962 -130.17812 -0.19960 
  2.6 7.00 110.0  -130.14409 -0.16619 -130.14410 -0.16619 -130.14407 -0.16616 
  2.0 5.00 110.0  -130.17227 -0.19221 -130.17195 -0.19191 -130.17154 -0.19148 
  2.2 5.00 110.0  -130.19423 -0.21503 -130.19419 -0.21503 -130.19372 -0.21454 
  2.4 5.00 110.0  -130.17628 -0.19787 -130.17644 -0.19809 -130.17588 -0.19751 
  2.6 5.00 110.0  -130.14215 -0.16436 -130.14250 -0.16478 -130.14181 -0.16407 
  2.0 4.00 110.0  -130.16538 -0.18570 -130.16325 -0.18359 -130.16147 -0.18177 
  2.2 4.00 110.0  -130.18660 -0.20776 -130.18579 -0.20707 -130.18369 -0.20491 
  2.4 4.00 110.0  -130.16835 -0.19034 -130.16860 -0.19073 -130.16594 -0.18801 
  2.6 4.00 110.0  -130.13407 -0.15675 -130.13563 -0.15843 -130.13195 -0.15469 
  2.0 3.50 110.0  -130.15560 -0.17638 -130.15076 -0.17157 -130.14716 -0.16789 
  2.2 3.50 110.0  -130.17629 -0.19794 -130.17424 -0.19605 -130.16974 -0.19146 
  2.4 3.50 110.0  -130.15794 -0.18053 -130.15879 -0.18154 -130.15246 -0.17509 
  2.6 3.50 110.0  -130.12362 -0.14705 -130.12960 -0.15313 -130.11897 -0.14234 
  2.0 3.00 110.0  -130.13492 -0.15649 -130.12640 -0.14804 -130.11889 -0.14043 
  2.2 3.00 110.0  -130.15648 -0.17905 -130.15465 -0.17753 -130.14340 -0.16607 
  2.4 3.00 110.0  -130.13912 -0.16317 -130.15072 -0.17495 -130.12926 -0.15306 
  2.6 3.00 110.0  -130.10464 -0.13037 -130.14165 -0.16667 -130.10267 -0.12764 
  2.0 2.75 110.0  -130.11748 -0.13987 -130.10856 -0.13089 -130.09684 -0.11900 
  2.2 2.75 110.0  -130.13668 -0.16232 -130.14692 -0.17091 -130.12525 -0.14876 
  2.4 2.75 110.0  -130.13315 -0.15791 -130.16017 -0.18524 -130.12154 -0.14660 
  2.6 2.75 110.0  -130.12128 -0.14600 -130.16022 -0.18563 -130.11242 -0.13838 
  2.8 2.75 110.0  -130.10441 -0.12972 -130.15051 -0.17602 -130.09882 -0.12512 
  3.0 2.75 110.0  -130.08443 -0.11046 -130.13548 -0.16094 -130.08130 -0.10773 
  2.2 2.50 110.0  -130.13275 -0.15672 -130.15206 -0.17691 -130.11410 -0.13898 
  2.4 2.50 110.0  -130.14530 -0.16936 -130.17758 -0.20287 -130.13156 -0.15725 
  2.6 2.50 110.0  -130.14072 -0.16543 -130.18066 -0.20621 -130.13119 -0.15733 
  2.8 2.50 110.0  -130.12632 -0.15177 -130.17143 -0.19710 -130.11973 -0.14617 
  3.0 2.50 110.0  -130.10691 -0.13307 -130.15617 -0.18182 -130.10247 -0.12908 
  2.2 2.25 110.0  -130.13933 -0.16264 -130.16370 -0.18858 -130.11957 -0.14479 
  2.4 2.25 110.0  -130.16055 -0.18454 -130.19346 -0.21871 -130.14611 -0.17181 
  2.6 2.25 110.0  -130.15903 -0.18375 -130.19770 -0.22323 -130.14821 -0.17433 
  2.8 2.25 110.0  -130.14567 -0.17110 -130.18879 -0.21449 -130.13749 -0.16395 
  3.0 2.25 110.0  -130.12657 -0.15267 -130.17358 -0.19930 -130.12045 -0.14712 
  2.2 2.00 110.0  -130.14211 -0.16529 -130.16684 -0.19149 -130.12158 -0.14663 
  2.4 2.00 110.0  -130.16761 -0.19150 -130.19905 -0.22411 -130.15162 -0.17713 
  2.6 2.00 110.0  -130.16832 -0.19289 -130.20487 -0.23027 -130.15566 -0.18163 
  2.8 2.00 110.0  -130.15648 -0.18173 -130.19725 -0.22287 -130.14641 -0.17277 
  2.2 1.75 110.0  -130.12343 -0.14642 -130.14663 -0.17091 -130.10120 -0.12585 
  2.4 1.75 110.0  -130.15385 -0.17749 -130.18315 -0.20791 -130.13587 -0.16103 
  2.6 1.75 110.0  -130.15887 -0.18316 -130.19307 -0.21823 -130.14420 -0.16989 
  2.8 1.75 110.0  -130.15102 -0.17597 -130.18935 -0.21481 -130.13900 -0.16516 
  3.0 1.75 110.0  -130.13680 -0.16241 -130.17892 -0.20452 -130.12694 -0.15346 
  2.2 1.50 110.0  -130.06198 -0.08466 -130.08330 -0.10708 -130.03787 -0.06191 
  2.0 7.00 120.0  -130.17384 -0.19366 -130.17372 -0.19354 -130.17370 -0.19352 
  2.2 7.00 120.0  -130.19603 -0.21672 -130.19595 -0.21663 -130.19592 -0.21661 
  2.4 7.00 120.0  -130.17819 -0.19968 -130.17814 -0.19962 -130.17811 -0.19959 
  2.6 7.00 120.0  -130.14414 -0.16624 -130.14409 -0.16619 -130.14406 -0.16615 
  2.0 5.00 120.0  -130.17360 -0.19362 -130.17171 -0.19168 -130.17117 -0.19113 
  2.2 5.00 120.0  -130.19518 -0.21604 -130.19394 -0.21480 -130.19331 -0.21415 
  2.4 5.00 120.0  -130.17704 -0.19869 -130.17620 -0.19788 -130.17541 -0.19707 
  2.6 5.00 120.0  -130.14276 -0.16505 -130.14231 -0.16462 -130.14126 -0.16355 
  2.0 4.00 120.0  -130.17078 -0.19137 -130.16225 -0.18269 -130.15984 -0.18020 
  2.2 4.00 120.0  -130.19087 -0.21226 -130.18495 -0.20636 -130.18195 -0.20325 
  2.4 4.00 120.0  -130.17210 -0.19437 -130.16823 -0.19053 -130.16410 -0.18630 
  2.6 4.00 120.0  -130.13748 -0.16052 -130.13637 -0.15940 -130.12999 -0.15290 
  2.0 3.50 120.0  -130.16532 -0.18649 -130.14949 -0.17051 -130.14439 -0.16528 
  2.2 3.50 120.0  -130.18494 -0.20697 -130.17414 -0.19627 -130.16714 -0.18909 
  2.4 3.50 120.0  -130.16649 -0.18959 -130.16158 -0.18482 -130.15042 -0.17340 
  2.6 3.50 120.0  -130.13251 -0.15673 -130.13838 -0.16258 -130.11817 -0.14207 
  2.0 3.00 120.0  -130.15100 -0.17331 -130.12816 -0.15035 -130.11636 -0.13833 
  2.2 3.00 120.0  -130.17430 -0.19744 -130.16390 -0.18763 -130.14424 -0.16760 
  2.4 3.00 120.0  -130.15862 -0.18443 -130.17074 -0.19561 -130.13795 -0.16277 
  2.6 3.00 120.0  -130.13812 -0.16358 -130.16696 -0.19223 -130.12297 -0.14884 
  2.0 2.75 120.0  -130.13551 -0.16037 -130.11737 -0.14054 -130.09787 -0.12076 
  2.2 2.75 120.0  -130.16621 -0.19118 -130.16820 -0.19278 -130.13633 -0.16086 
  2.4 2.75 120.0  -130.16671 -0.19139 -130.18743 -0.21257 -130.14493 -0.17052 
  2.6 2.75 120.0  -130.15447 -0.17931 -130.18866 -0.21404 -130.14006 -0.16612 
  2.0 2.50 120.0  -130.12304 -0.14709 -130.11287 -0.13692 -130.08191 -0.10599 
  2.2 2.50 120.0  -130.16853 -0.19230 -130.17969 -0.20444 -130.13868 -0.16380 
  2.4 2.50 120.0  -130.17936 -0.20338 -130.20574 -0.23084 -130.15897 -0.18462 
  2.6 2.50 120.0  -130.17228 -0.19687 -130.20897 -0.23431 -130.15866 -0.18471 
  2.0 2.25 120.0  -130.11233 -0.13513 -130.11241 -0.13651 -130.07289 -0.09740 
  2.0 2.25 120.0  -130.11233 -0.13513 -130.11241 -0.13651 -130.07289 -0.09740 
  2.2 2.25 120.0  -130.17104 -0.19418 -130.18826 -0.21282 -130.14334 -0.16839 
  2.4 2.25 120.0  -130.18837 -0.21213 -130.21719 -0.24212 -130.16883 -0.19434 
  2.6 2.25 120.0  -130.18405 -0.20852 -130.22129 -0.24649 -130.17035 -0.19626 
  2.0 2.00 120.0  -130.09298 -0.11520 -130.09951 -0.12331 -130.05651 -0.08083 
  2.2 2.00 120.0  -130.16003 -0.18292 -130.17949 -0.20375 -130.13313 -0.15792 
  2.4 2.00 120.0  -130.18131 -0.20492 -130.21036 -0.23501 -130.16139 -0.18663 
  2.6 2.00 120.0  -130.17935 -0.20368 -130.21591 -0.24086 -130.16476 -0.19042 
  2.8 2.00 120.0  -130.16616 -0.19120 -130.20893 -0.23408 -130.15579 -0.18181 
  2.4 1.75 120.0  -130.14035 -0.16376 -130.16837 -0.19265 -130.11924 -0.14403 
  2.6 1.75 120.0  -130.14364 -0.16776 -130.17881 -0.20345 -130.12772 -0.15300 
  2.8 1.75 120.0  -130.13596 -0.16079 -130.17716 -0.20206 -130.12423 -0.14996 
  2.4 1.50 120.0  -130.04187 -0.06499 -130.06845 -0.09211 -130.01933 -0.04341 
  2.6 1.50 120.0  -130.05947 -0.08328 -130.09303 -0.11720 -130.04212 -0.06686 
  2.8 1.50 120.0  -130.06616 -0.09070 -130.10557 -0.13018 -130.05306 -0.07838 
  2.0 7.00 130.0  -130.17392 -0.19375 -130.17371 -0.19353 -130.17368 -0.19350 
  2.2 7.00 130.0  -130.19608 -0.21677 -130.19594 -0.21663 -130.19591 -0.21659 
  2.4 7.00 130.0  -130.17823 -0.19972 -130.17813 -0.19961 -130.17809 -0.19957 
  2.6 7.00 130.0  -130.14417 -0.16628 -130.14408 -0.16618 -130.14403 -0.16613 
  2.0 5.00 130.0  -130.17464 -0.19474 -130.17130 -0.19131 -130.17060 -0.19057 
  2.2 5.00 130.0  -130.19590 -0.21682 -130.19349 -0.21439 -130.19266 -0.21353 
  2.4 5.00 130.0  -130.17759 -0.19932 -130.17573 -0.19746 -130.17469 -0.19638 
  2.6 5.00 130.0  -130.14321 -0.16560 -130.14186 -0.16424 -130.14044 -0.16278 
  2.0 4.00 130.0  -130.17442 -0.19521 -130.16057 -0.18113 -130.15737 -0.17782 
  2.2 4.00 130.0  -130.19391 -0.21553 -130.18338 -0.20496 -130.17930 -0.20074 
  2.4 4.00 130.0  -130.17501 -0.19757 -130.16722 -0.18979 -130.16138 -0.18376 
  2.6 4.00 130.0  -130.14051 -0.16395 -130.13694 -0.16037 -130.12730 -0.15049 
  2.0 3.50 130.0  -130.17116 -0.19256 -130.14712 -0.16845 -130.14018 -0.16131 
  2.2 3.50 130.0  -130.19088 -0.21327 -130.17334 -0.19596 -130.16332 -0.18563 
  2.4 3.50 130.0  -130.17344 -0.19709 -130.16488 -0.18884 -130.14796 -0.17151 
  2.6 3.50 130.0  -130.14146 -0.16652 -130.14845 -0.17341 -130.11913 -0.14392 
  2.0 3.00 130.0  -130.16061 -0.18295 -130.12963 -0.15257 -130.11272 -0.13536 
  2.2 3.00 130.0  -130.18302 -0.20869 -130.17378 -0.19835 -130.14638 -0.17073 
  2.4 3.00 130.0  -130.17772 -0.20326 -130.18842 -0.21374 -130.14961 -0.17533 
  2.6 3.00 130.0  -130.15510 -0.18673 -130.18859 -0.21412 -130.14189 -0.16819 
  2.0 2.75 130.0  -130.14844 -0.17336 -130.12608 -0.15004 -130.09942 -0.12327 
  2.2 2.75 130.0  -130.18571 -0.21029 -130.18552 -0.21045 -130.14810 -0.17339 
  2.4 2.75 130.0  -130.19012 -0.21469 -130.20872 -0.23399 -130.16376 -0.18967 
  2.6 2.75 130.0  -130.17957 -0.20447 -130.21172 -0.23716 -130.16205 -0.18829 
  2.0 2.50 130.0  -130.14092 -0.16445 -130.12813 -0.15241 -130.09206 -0.11673 
  2.2 2.50 130.0  -130.18982 -0.21340 -130.19837 -0.22313 -130.15512 -0.18044 
  2.4 2.50 130.0  -130.20124 -0.22523 -130.22508 -0.25013 -130.17726 -0.20299 
  2.6 2.50 130.0  -130.19359 -0.21818 -130.22846 -0.25370 -130.17735 -0.20340 
  2.8 2.50 130.0  -130.17664 -0.20191 -130.22002 -0.24535 -130.16624 -0.19251 
  2.0 2.25 130.0  -130.12762 -0.15014 -130.12463 -0.14864 -130.08312 -0.10771 
  2.2 2.25 130.0  -130.18489 -0.20791 -130.19893 -0.22335 -130.15300 -0.17805 
  2.4 2.25 130.0  -130.19941 -0.22308 -130.22584 -0.25057 -130.17662 -0.20205 
  2.6 2.25 130.0  -130.19229 -0.21667 -130.22823 -0.25318 -130.17634 -0.20210 
  2.8 2.25 130.0  -130.17495 -0.20005 -130.21866 -0.24372 -130.16441 -0.19041 
  2.2 2.00 130.0  -130.15063 -0.17335 -130.16678 -0.19078 -130.11958 -0.14421 
  2.4 2.00 130.0  -130.16553 -0.18898 -130.19249 -0.21681 -130.14254 -0.16754 
  2.6 2.00 130.0  -130.15840 -0.18257 -130.19418 -0.21875 -130.14185 -0.16720 
  2.8 2.00 130.0  -130.14163 -0.16653 -130.18487 -0.20959 -130.13037 -0.15601 
  2.2 1.75 130.0  -130.05329 -0.07576 -130.06959 -0.09250 -130.02191 -0.04519 
  2.4 1.75 130.0  -130.07007 -0.09325 -130.09658 -0.11993 -130.04635 -0.07018 
  2.6 1.75 130.0  -130.06717 -0.09107 -130.10226 -0.12600 -130.04978 -0.07416 
  2.8 1.75 130.0  -130.05708 -0.08171 -130.09953 -0.12358 -130.04499 -0.06984 
  2.0 7.00 140.0  -130.17393 -0.19377 -130.17370 -0.19352 -130.17366 -0.19349 
  2.2 7.00 140.0  -130.19608 -0.21678 -130.19592 -0.21661 -130.19588 -0.21657 
  2.4 7.00 140.0  -130.17823 -0.19973 -130.17811 -0.19960 -130.17806 -0.19955 
  2.6 7.00 140.0  -130.14416 -0.16628 -130.14406 -0.16617 -130.14400 -0.16611 
  2.0 5.00 140.0  -130.17459 -0.19474 -130.17071 -0.19075 -130.16983 -0.18982 
  2.2 5.00 140.0  -130.19570 -0.21668 -130.19281 -0.21375 -130.19178 -0.21267 
  2.4 5.00 140.0  -130.17731 -0.19911 -130.17497 -0.19675 -130.17369 -0.19542 
  2.6 5.00 140.0  -130.14287 -0.16535 -130.14106 -0.16350 -130.13931 -0.16171 
  2.0 4.00 140.0  -130.17362 -0.19452 -130.15792 -0.17863 -130.15393 -0.17449 
  2.2 4.00 140.0  -130.19303 -0.21483 -130.18060 -0.20239 -130.17551 -0.19711 
  2.4 4.00 140.0  -130.17431 -0.19713 -130.16481 -0.18771 -130.15739 -0.18001 
  2.6 4.00 140.0  -130.14030 -0.16412 -130.13613 -0.16009 -130.12342 -0.14696 
  2.0 3.50 140.0  -130.16909 -0.19065 -130.14275 -0.16444 -130.13405 -0.15546 
  2.2 3.50 140.0  -130.18958 -0.21233 -130.17034 -0.19356 -130.15739 -0.18017 
  2.4 3.50 140.0  -130.17384 -0.19809 -130.16623 -0.19108 -130.14385 -0.16815 
  2.6 3.50 140.0  -130.14508 -0.17117 -130.15590 -0.18166 -130.12028 -0.14618 
  2.0 3.00 140.0  -130.15450 -0.17987 -130.12802 -0.15177 -130.10626 -0.12970 
  2.2 3.00 140.0  -130.18473 -0.21029 -130.17952 -0.20483 -130.14654 -0.17195 
  2.4 3.00 140.0  -130.18533 -0.21067 -130.19971 -0.22547 -130.15737 -0.18380 
  2.6 3.00 140.0  -130.17340 -0.19883 -130.20285 -0.22869 -130.15455 -0.18128 
  2.0 2.75 140.0  -130.14696 -0.17149 -130.12955 -0.15413 -130.09769 -0.12248 
  2.2 2.75 140.0  -130.18988 -0.21417 -130.19449 -0.21975 -130.15374 -0.17960 
  2.4 2.75 140.0  -130.19829 -0.22277 -130.21986 -0.24535 -130.17334 -0.19961 
  2.6 2.75 140.0  -130.18972 -0.21464 -130.22346 -0.24904 -130.17304 -0.19953 
  2.0 2.50 140.0  -130.13900 -0.16218 -130.13249 -0.15697 -130.09336 -0.11844 
  2.2 2.50 140.0  -130.19066 -0.21410 -130.20310 -0.22797 -130.15840 -0.18398 
  2.4 2.50 140.0  -130.20200 -0.22596 -130.22799 -0.25310 -130.17939 -0.20530 
  2.6 2.50 140.0  -130.19252 -0.21712 -130.22868 -0.25390 -130.17702 -0.20316 
  2.0 2.25 140.0  -130.11567 -0.13803 -130.11753 -0.14154 -130.07477 -0.09948 
  2.2 2.25 140.0  -130.16888 -0.19183 -130.18554 -0.20993 -130.13890 -0.16402 
  2.4 2.25 140.0  -130.17689 -0.20051 -130.20486 -0.22947 -130.15507 -0.18048 
  2.6 2.25 140.0  -130.16241 -0.18639 -130.19750 -0.22274 -130.14511 -0.17073 
  2.0 7.00 150.0  -130.17387 -0.19371 -130.17368 -0.19351 -130.17364 -0.19346 
  2.2 7.00 150.0  -130.19603 -0.21673 -130.19590 -0.21659 -130.19585 -0.21655 
  2.4 7.00 150.0  -130.17818 -0.19968 -130.17808 -0.19957 -130.17803 -0.19952 
  2.6 7.00 150.0  -130.14411 -0.16622 -130.14403 -0.16614 -130.14397 -0.16608 
  2.0 5.00 150.0  -130.17312 -0.19327 -130.16997 -0.19004 -130.16892 -0.18894 
  2.2 5.00 150.0  -130.19425 -0.21526 -130.19191 -0.21289 -130.19071 -0.21164 
  2.4 5.00 150.0  -130.17582 -0.19766 -130.17391 -0.19574 -130.17246 -0.19423 
  2.6 5.00 150.0  -130.14131 -0.16385 -130.13985 -0.16237 -130.13793 -0.16037 
  2.0 4.00 150.0  -130.16723 -0.18821 -130.15428 -0.17510 -130.14966 -0.17032 
  2.2 4.00 150.0  -130.18673 -0.20865 -130.17634 -0.19831 -130.17059 -0.19232 
  2.4 4.00 150.0  -130.16808 -0.19108 -130.16021 -0.18342 -130.15194 -0.17477 
  2.6 4.00 150.0  -130.13445 -0.15857 -130.13220 -0.15672 -130.11779 -0.14166 
  2.0 3.50 150.0  -130.15716 -0.17899 -130.13561 -0.15758 -130.12573 -0.14738 
  2.2 3.50 150.0  -130.17833 -0.20140 -130.16336 -0.18714 -130.14843 -0.17162 
  2.4 3.50 150.0  -130.16420 -0.18906 -130.16272 -0.18857 -130.13610 -0.16119 
  2.6 3.50 150.0  -130.13624 -0.16360 -130.15727 -0.18391 -130.11798 -0.14504 
  2.0 3.00 150.0  -130.13386 -0.16027 -130.12038 -0.14491 -130.09473 -0.11893 
  2.2 3.00 150.0  -130.17167 -0.19710 -130.17769 -0.20370 -130.14099 -0.16738 
  2.4 3.00 150.0  -130.17827 -0.20349 -130.20150 -0.22778 -130.15713 -0.18426 
  2.6 3.00 150.0  -130.17050 -0.19595 -130.20579 -0.23208 -130.15679 -0.18412 
  2.0 2.75 150.0  -130.12761 -0.15193 -130.12433 -0.14943 -130.08902 -0.11458 
  2.2 2.75 150.0  -130.17612 -0.20027 -130.19213 -0.21776 -130.14944 -0.17582 
  2.4 2.75 150.0  -130.18747 -0.21195 -130.21691 -0.24273 -130.16961 -0.19634 
  2.6 2.75 150.0  -130.17890 -0.20390 -130.21777 -0.24364 -130.16716 -0.19406 
  2.8 2.75 150.0  -130.15971 -0.18530 -130.20589 -0.23167 -130.15253 -0.17945 
  2.0 2.50 150.0  -130.11536 -0.13841 -130.12305 -0.14773 -130.08222 -0.10760 
  2.2 2.50 150.0  -130.16735 -0.19079 -130.18978 -0.21484 -130.14437 -0.17023 
  2.4 2.50 150.0  -130.17463 -0.19864 -130.20746 -0.23271 -130.15862 -0.18475 
  2.6 2.50 150.0  -130.15747 -0.18211 -130.19827 -0.22357 -130.14662 -0.17287 
  2.8 2.50 150.0  -130.12700 -0.15226 -130.17445 -0.19969 -130.12029 -0.14656 
  2.2 2.25 150.0  -130.11436 -0.13736 -130.13962 -0.16396 -130.09383 -0.11775 
  2.4 2.25 150.0  -130.10518 -0.12879 -130.14007 -0.16376 -130.09054 -0.11465 
  2.6 2.25 150.0  -130.06805 -0.09226 -130.11030 -0.13404 -130.05807 -0.08238 
  2.8 2.25 150.0  -130.01632 -0.04055 -130.06450 -0.08822 -130.00978 -0.03424 
  2.0 7.00 160.0  -130.17375 -0.19359 -130.17366 -0.19349 -130.17361 -0.19344 
  2.2 7.00 160.0  -130.19593 -0.21663 -130.19588 -0.21658 -130.19583 -0.21652 
  2.4 7.00 160.0  -130.17809 -0.19959 -130.17806 -0.19955 -130.17800 -0.19949 
  2.6 7.00 160.0  -130.14402 -0.16614 -130.14400 -0.16612 -130.14393 -0.16604 
  2.0 5.00 160.0  -130.17059 -0.19072 -130.16921 -0.18930 -130.16803 -0.18806 
  2.2 5.00 160.0  -130.19185 -0.21285 -130.19096 -0.21197 -130.18964 -0.21059 
  2.4 5.00 160.0  -130.17334 -0.19519 -130.17274 -0.19461 -130.17121 -0.19301 
  2.6 5.00 160.0  -130.13870 -0.16125 -130.13842 -0.16099 -130.13650 -0.15898 
  2.0 4.00 160.0  -130.15635 -0.17730 -130.15012 -0.17099 -130.14516 -0.16587 
  2.2 4.00 160.0  -130.17570 -0.19763 -130.17102 -0.19306 -130.16513 -0.18693 
  2.4 4.00 160.0  -130.15650 -0.17954 -130.15350 -0.17682 -130.14552 -0.16843 
  2.6 4.00 160.0  -130.12243 -0.14662 -130.12401 -0.14883 -130.11052 -0.13453 
  2.0 3.50 160.0  -130.13667 -0.15862 -130.12596 -0.14796 -130.11592 -0.13761 
  2.2 3.50 160.0  -130.15728 -0.18049 -130.15125 -0.17527 -130.13642 -0.15971 
  2.4 3.50 160.0  -130.14344 -0.16870 -130.15232 -0.17926 -130.12270 -0.14821 
  2.6 3.50 160.0  -130.11965 -0.15020 -130.15081 -0.17853 -130.10942 -0.13773 
  2.0 3.00 160.0  -130.10609 -0.13029 -130.10497 -0.13023 -130.07616 -0.10077 
  2.2 3.00 160.0  -130.14473 -0.17187 -130.16761 -0.19429 -130.12829 -0.15557 
  2.4 3.00 160.0  -130.15644 -0.18351 -130.19350 -0.22041 -130.14812 -0.17600 
  2.6 3.00 160.0  -130.15179 -0.17875 -130.19645 -0.22340 -130.14766 -0.17577 
  2.0 2.75 160.0  -130.09328 -0.11865 -130.11020 -0.13575 -130.07255 -0.09870 
  2.2 2.75 160.0  -130.14667 -0.17202 -130.17907 -0.20508 -130.13537 -0.16220 
  2.4 2.75 160.0  -130.15920 -0.18458 -130.20009 -0.22633 -130.15282 -0.17997 
  2.6 2.75 160.0  -130.14713 -0.17262 -130.19349 -0.21974 -130.14452 -0.17074 
  2.0 2.50 160.0  -130.07487 -0.09824 -130.10159 -0.12644 -130.06000 -0.08492 
  2.2 2.50 160.0  -130.12393 -0.14783 -130.16021 -0.18540 -130.11566 -0.14045 
  2.4 2.50 160.0  -130.12128 -0.14540 -130.16468 -0.18918 -130.11667 -0.14151 
  2.6 2.50 160.0  -130.08690 -0.11124 -130.13508 -0.15952 -130.08457 -0.10951 
  2.0 2.25 160.0  -130.00615 -0.02788 -130.03690 -0.06012 -129.99402 -0.01748 
  2.2 2.25 160.0  -130.02615 -0.04891 -130.06453 -0.08784 -130.01839 -0.04195 
  2.4 2.25 160.0  -129.98366 -0.00678 -130.02754 -0.05091 -129.97856 -0.00227 
  2.6 2.25 160.0  -129.89895  0.07766 -129.94722  0.02940 -129.89573  0.08040 
  2.0 7.00 170.0  -130.17364 -0.19347 -130.17365 -0.19348 -130.17360 -0.19343 
  2.2 7.00 170.0  -130.19584 -0.21654 -130.19586 -0.21656 -130.19581 -0.21650 
  2.4 7.00 170.0  -130.17800 -0.19950 -130.17804 -0.19954 -130.17797 -0.19947 
  2.6 7.00 170.0  -130.14393 -0.16605 -130.14398 -0.16610 -130.14391 -0.16602 
  2.0 5.00 170.0  -130.16814 -0.18822 -130.16863 -0.18873 -130.16736 -0.18741 
  2.2 5.00 170.0  -130.18951 -0.21049 -130.19021 -0.21123 -130.18883 -0.20980 
  2.4 5.00 170.0  -130.17091 -0.19274 -130.17179 -0.19368 -130.17024 -0.19206 
  2.6 5.00 170.0  -130.13609 -0.15862 -130.13722 -0.15982 -130.13539 -0.15790 
  2.0 4.00 170.0  -130.14515 -0.16596 -130.14662 -0.16748 -130.14157 -0.16228 
  2.2 4.00 170.0  -130.16405 -0.18588 -130.16625 -0.18823 -130.16059 -0.18237 
  2.4 4.00 170.0  -130.14361 -0.16651 -130.14676 -0.16992 -130.13988 -0.16273 
  2.6 4.00 170.0  -130.10793 -0.13189 -130.11356 -0.13801 -130.10364 -0.12751 
  2.0 3.50 170.0  -130.11422 -0.13591 -130.11646 -0.13819 -130.10717 -0.12868 
  2.2 3.50 170.0  -130.13208 -0.15502 -130.13615 -0.15957 -130.12430 -0.14720 
  2.4 3.50 170.0  -130.11467 -0.13959 -130.13530 -0.16357 -130.10478 -0.12956 
  2.6 3.50 170.0  -130.09384 -0.12442 -130.13872 -0.16781 -130.09551 -0.12543 
  2.0 3.00 170.0  -130.06461 -0.08854 -130.08308 -0.10932 -130.05030 -0.07392 
  2.2 3.00 170.0  -130.11134 -0.13817 -130.15368 -0.18084 -130.11163 -0.13963 
  2.4 3.00 170.0  -130.13174 -0.15834 -130.18105 -0.20854 -130.13537 -0.16376 
  2.6 3.00 170.0  -130.12884 -0.15548 -130.18189 -0.20879 -130.13463 -0.16192 
  2.0 2.75 170.0  -130.05355 -0.07860 -130.09217 -0.11795 -130.05196 -0.07815 
  2.2 2.75 170.0  -130.11518 -0.14026 -130.16289 -0.18852 -130.11908 -0.14494 
  2.4 2.75 170.0  -130.12724 -0.15257 -130.17941 -0.20501 -130.13309 -0.15895 
  2.6 2.75 170.0  -130.10837 -0.13386 -130.16319 -0.18873 -130.11501 -0.14092 
  2.0 2.50 170.0  -130.03375 -0.05699 -130.07840 -0.10268 -130.03672 -0.06121 
  2.2 2.50 170.0  -130.07816 -0.10209 -130.12829 -0.15263 -130.08355 -0.10807 
  2.4 2.50 170.0  -130.06191 -0.08621 -130.11556 -0.13994 -130.06838 -0.09299 
  2.6 2.50 170.0  -130.00383 -0.02833 -130.05981 -0.08418 -130.01073 -0.03546 
    2.00   7.00 180.00 -.19346 -.19346 -.19352 -.19352 -.19346 -.19346
    2.20   7.00 180.00 -.21654 -.21654 -.21660 -.21660 -.21654 -.21654
    2.40   7.00 180.00 -.19954 -.19954 -.19960 -.19960 -.19954 -.19954
    2.60   7.00 180.00 -.16616 -.16616 -.16624 -.16624 -.16616 -.16616
    2.00   5.00 180.00 -.18721 -.18721 -.18856 -.18856 -.18721 -.18721
    2.20   5.00 180.00 -.20954 -.20954 -.21100 -.21100 -.20954 -.20954
    2.40   5.00 180.00 -.19177 -.19177 -.19339 -.19339 -.19177 -.19177
    2.60   5.00 180.00 -.15762 -.15762 -.15950 -.15950 -.15762 -.15762
    2.00   4.00 180.00 -.16092 -.16092 -.16611 -.16611 -.16092 -.16092
    2.20   4.00 180.00 -.18057 -.18057 -.18625 -.18625 -.18057 -.18057
    2.40   4.00 180.00 -.16041 -.16041 -.16689 -.16689 -.16041 -.16041
    2.60   4.00 180.00 -.12455 -.12455 -.13263 -.13263 -.12455 -.12455
    2.00   3.50 180.00 -.12492 -.12492 -.13384 -.13384 -.12492 -.12492
    2.20   3.50 180.00 -.14140 -.14140 -.15119 -.15119 -.14140 -.14140
    2.40   3.50 180.00 -.11904 -.11904 -.15136 -.15136 -.11904 -.11904
    2.60   3.50 180.00 -.11711 -.11711 -.16203 -.16203 -.11711 -.11711
    2.00   3.00 180.00 -.05739 -.05739 -.09213 -.09213 -.05739 -.05739
    2.20   3.00 180.00 -.13049 -.13049 -.17358 -.17358 -.13049 -.13049
    2.40   3.00 180.00 -.15721 -.15721 -.20227 -.20227 -.15721 -.15721
    2.60   3.00 180.00 -.15492 -.15492 -.20122 -.20122 -.15492 -.15492
    2.00   2.75 180.00 -.06888 -.06888 -.10987 -.10987 -.06888 -.06888
    2.20   2.75 180.00 -.13695 -.13695 -.18067 -.18067 -.13695 -.13695
    2.40   2.75 180.00 -.14886 -.14886 -.19463 -.19463 -.14886 -.14886
    2.60   2.75 180.00 -.12628 -.12628 -.17339 -.17339 -.12628 -.12628
    2.00   2.50 180.00 -.05034 -.05034 -.09194 -.09194 -.05034 -.05034
    2.20   2.50 180.00 -.09315 -.09315 -.13754 -.13754 -.09315 -.09315
    2.40   2.50 180.00 -.07038 -.07038 -.11689 -.11689 -.07038 -.07038
    2.60   2.50 180.00 -.00018 -.00018 -.04808 -.04808 -.00018 -.00018
file=spline1d.d




